# Unlabeled matrix
# 1 102 102
3,1,-0.05919060138355931
4,1,-18.18498470902145
5,1,18.72035991075081
80,1,18.29793171807171
81,1,0.3547005261885372
1,2,376.9911184307751
2,2,-0.1942501942501942
3,3,-0.1351351351351351
4,3,33.33333333333334
3,4,-0.1747573720900689
4,4,-87.02361633372502
80,4,9.05658623713167
81,4,26.85964682846857
5,5,-48.93939393939393
80,5,-15.44429692636942
81,5,5.207537086350709
7,6,8.757048995904248e-05
8,6,0.02827860948318798
9,6,14.13540957288708
10,6,0.2954372324543913
11,6,23.8350412362817
84,6,5.303419671057118
85,6,-0.1120478193629778
6,7,376.9911184307751
7,7,-0.1529051987767584
8,8,-0.1639344262295081
10,8,25
9,9,-3.333333333333333
11,9,10.1010101010101
7,10,-0.003591074843035738
8,10,-1.085151135027099
9,10,0.333727717880871
10,10,-36.33698063611455
11,10,0.562729638385434
84,10,0.1020034812305669
85,10,4.65946369256987
7,11,-7.96817991221862e-05
8,11,-0.02587668091218466
9,11,-13.99503333048814
10,11,-0.2703433843996547
11,11,-33.69934977523798
84,11,-4.65946369256987
85,11,0.1020034812305669
13,12,-0.002290253077452306
14,12,-0.24372249737084
15,12,14.2893045224578
16,12,-2.546260280333847
17,12,24.09453795975192
88,12,5.986627232817502
89,12,-0.5198445640435037
12,13,376.9911184307751
13,13,-0.1529051987767584
14,14,-0.1639344262295081
16,14,25
15,15,-3.333333333333333
17,15,10.1010101010101
13,16,-0.005926240723936822
14,16,-1.085151135027099
15,16,0.333727717880871
16,16,-36.33698063611455
17,16,0.562729638385434
88,16,1.259329639581071
89,16,4.655018213312657
13,17,0.0008036515324535578
14,17,-0.02587668091218466
15,17,-13.99503333048814
16,17,-0.2703433843996547
17,17,-33.69934977523798
88,17,-4.655018213312657
89,17,1.259329639581071
19,18,3.75108099728673e-05
20,18,0.02458723934095659
21,18,2.98487633708566
22,18,0.2283616731584133
23,18,26.23769885035761
92,18,2.809029438860355
93,18,-0.02870421298451368
18,19,376.9911184307751
19,19,-0.1976284584980237
20,20,-0.2105263157894735
22,20,16.66666666666667
21,21,-0.6666666666666666
23,21,4.761904761904762
19,22,-0.00284018859391603
20,22,-1.774054707454313
21,22,0.03195805626585881
22,22,-33.14375446212246
23,22,0.2809181223785902
92,22,0.02409353055788959
93,22,2.269881009407479
19,23,-3.143562875544506e-05
20,23,-0.02069730492030032
21,23,-2.73926196564504
22,23,-0.1922326909469843
23,23,-28.84060096578392
92,23,-2.269881009407479
93,23,0.02409353055788959
25,24,4.883322674614338e-05
26,24,0.02414801166532829
27,24,2.933669677457455
28,24,0.2242822087861411
29,24,25.78758140402836
96,24,2.830019805518199
97,24,-0.02772126001967576
24,25,376.9911184307751
25,25,-0.1976284584980237
26,26,-0.2105263157894735
28,26,16.66666666666667
27,27,-0.6666666666666666
29,27,4.761904761904762
25,28,-0.003794944868465781
26,28,-1.774054707454313
27,28,0.03195805626585881
28,28,-33.14375446212246
29,28,0.2809181223785902
96,28,0.02370065091727228
97,28,2.230939882251402
25,29,-4.163877816230258e-05
26,29,-0.02069730492030032
27,29,-2.73926196564504
28,29,-0.1922326909469843
29,29,-28.84060096578392
96,29,-2.230939882251402
97,29,0.02370065091727228
30,30,-1000
31,30,-10000
31,31,-50
33,31,5
31,32,-10000
32,32,-1
31,33,-20
32,33,-0.002
33,33,-5.016214125989715
78,33,1
34,34,-1000
35,34,-1000
35,35,-50
37,35,0.5050505050505051
35,36,-1000
36,36,-1
35,37,-1
36,37,-0.001
37,37,-0.5170902903082201
86,37,1
38,38,-1000
39,38,-1000
39,39,-50
41,39,0.5050505050505051
39,40,-1000
40,40,-1
39,41,-1
40,41,-0.001
41,41,-0.5104729033153353
82,41,1
42,42,-1000
43,42,-1000
43,43,-50
45,43,1.428571428571429
43,44,-1000
44,44,-1
43,45,-1
44,45,-0.001
45,45,-1.45933745762858
90,45,1
46,46,-1000
47,46,-1000
47,47,-50
49,47,1.428571428571429
47,48,-1000
48,48,-1
47,49,-1
48,49,-0.001
49,49,-1.48320508962874
94,49,1
3,50,0.05919060138355931
4,50,18.18498470902145
5,50,-18.72035991075081
50,50,22.13716444525937
51,50,-16.0080844866249
54,50,-4.144682794883032
64,50,-3.258949674504306
65,50,7.770321073794452
68,50,2.073275468864086
80,50,-18.29793171807171
81,50,-0.3547005261885372
13,51,0.002290253077452306
14,51,0.24372249737084
15,51,-14.2893045224578
16,51,2.546260280333847
17,51,-24.09453795975192
50,51,-17.50315698342232
51,51,32.29509836066068
52,51,-4.717493219603053
53,51,-5.066478507498892
54,51,-5.261969459946105
64,51,3.205644106018206
65,51,-10.30450933178616
66,51,2.159678996209802
67,51,2.427138524144109
68,51,2.270121291835747
88,51,-5.986627232817502
89,51,0.5198445640435037
7,52,-8.757048995904248e-05
8,52,-0.02827860948318798
9,52,-14.13540957288708
10,52,-0.2954372324543913
11,52,-23.8350412362817
51,52,-5.184841105092199
52,52,9.679105080778459
53,52,-5.233178558992778
65,52,0.1907311160164429
66,52,-4.503412337489601
67,52,1.650612130599229
84,52,-5.303419671057118
85,52,0.1120478193629778
51,53,-5.516784236328372
52,53,-4.961611861175406
53,53,38.52918417175859
54,53,-21.84581915697978
56,53,-5.037755006364022
58,53,-1.861019642660863
65,53,1.060800439352955
66,53,2.343733341279798
67,53,-11.13822009608338
68,53,6.031726631440704
70,53,0.3803954320739322
72,53,0.2155403174324511
50,54,-4.634007461837042
51,54,-5.585388532615215
53,54,-21.33075245624203
54,54,35.78229749713611
55,54,-4.529826085327206
64,54,0.05330556848610005
65,54,1.282656702622311
67,54,7.656405190846428
68,54,-9.737064029180154
69,54,0.6380593629603826
25,55,-4.883322674614338e-05
26,55,-0.02414801166532829
27,55,-2.933669677457455
28,55,-0.2242822087861411
29,55,-25.78758140402836
54,55,-4.529826085327206
55,55,15.91154645253248
60,55,-4.515598872191686
62,55,-6.605457887841967
68,55,-0.6380593629603827
69,55,-5.95416862958973
74,55,2.22134265855245
76,55,3.614406488228034
96,55,-2.830019805518199
97,55,0.02772126001967576
53,56,-5.037755006364021
56,56,20.95856625058117
57,56,-6.405220526425476
58,56,-9.515590717791673
67,56,-0.380395432073932
70,56,5.329070518200751e-15
71,56,0.0001522526679553771
72,56,0.3802431794059813
19,57,-3.75108099728673e-05
20,57,-0.02458723934095659
21,57,-2.98487633708566
22,57,-0.2283616731584133
23,57,-26.23769885035761
56,57,-6.405220526425477
57,57,6.405220526425476
70,57,-0.0001522526679553771
71,57,-0.0001522526679553771
92,57,-2.809029438860355
93,57,0.02870421298451368
53,58,-1.861019642660863
56,58,-9.515590717791673
58,58,25.09099494613304
59,58,-10.58844975554923
63,58,-2.991221680326388
67,58,-0.2155403174324511
70,58,-0.3802431794059813
72,58,-5.864627132209792
73,58,4.043399429471847
77,58,1.532024166154125
58,59,-10.62628921825346
59,59,15.1885990053125
60,59,-4.624015283015157
72,59,3.942882780666181
73,59,-6.041559524582945
74,59,1.942292343658469
55,60,-4.566169494003686
59,60,-4.600149249763279
60,60,9.139614155206843
69,60,2.115441451157134
73,60,1.998160095111098
74,60,-4.163635002210919
61,61,2.298340793262969
62,61,-2.354102392838761
75,61,-2.596312509420707
76,61,2.545861538375942
55,62,-6.815550873201587
61,62,-2.298340793262969
62,62,11.33761214246949
63,62,-2.340864019332676
69,62,3.200667815472214
75,62,2.596312509420707
76,62,-7.28125770530631
77,62,1.196705544446012
58,63,-3.088095367427045
62,63,-2.378051861788762
63,63,5.332085699659065
72,63,1.325960854705179
76,63,1.120989678702334
77,63,-2.728729710600138
3,64,0.1655972152862985
4,64,50.87603027250722
5,64,5.954467494044748
30,64,1000
50,64,9.699661966105275
51,64,-7.329991486400382
54,64,-1.955786819027206
64,64,20.34790895584292
65,64,-15.10093622723865
68,64,-3.909811359376322
80,64,-0.3346003096258268
81,64,-27.38300182444033
13,65,0.005564551726202778
14,65,1.060114267171888
15,65,3.007492988323075
16,65,11.07541109349374
17,65,5.071216297262733
34,65,1000
50,65,-3.067189442432467
51,65,10.6243084189297
52,65,-2.066400510206928
53,65,-2.322308219617955
54,65,-2.172072703357111
64,65,-16.74717982822955
65,65,32.71439412717069
66,65,-4.513740427625327
67,65,-4.847652725808654
68,65,-5.03470024749438
88,65,0.2674681420842862
89,65,-3.913909170121832
7,66,0.003590912336748451
8,66,1.085098515721081
9,66,-0.3610657046390559
10,66,11.3364309025022
11,66,-0.6088267845868492
38,66,1000
51,66,-0.1888278424089337
52,66,4.458122323221961
53,66,-1.634140950804249
65,66,-5.133102451009139
66,66,10.76500332121343
67,66,-5.180957553617571
84,66,-0.1112809359071683
85,66,-4.068013345472773
51,67,-1.063031413056623
52,67,-2.348662456369526
53,67,11.16164493191318
54,67,-6.044411980167242
56,67,-0.3811954432489555
58,67,-0.2159936211476771
65,67,-5.528386607616571
66,67,-4.972046647191181
67,67,38.61021505515772
68,67,-21.89176318779487
70,67,-5.048349929337067
72,67,-1.864933560614477
50,68,-0.05313211522266714
51,68,-1.278483011256617
53,68,-7.631491687356396
54,68,9.705380181130479
55,68,-0.6359831543781922
64,68,-4.618928667259746
65,68,-5.56721399858365
67,68,-21.2613434108066
68,68,35.66586395275657
69,68,-4.515086290975547
25,69,0.00379489937871244
26,69,1.774032157021254
27,69,-0.0348148694587473
28,69,16.47687835125783
29,69,-0.3060301189110569
46,69,1000
54,69,0.5957690265399466
55,69,5.559241706868782
60,69,-2.074112896262947
62,69,-3.374844975270719
68,69,-4.229590903155843
69,69,15.68000148870835
74,69,-4.216306664396617
76,69,-6.167650604532493
96,69,-0.02617075360634416
97,69,-1.819380753075381
53,70,0.3673811316775257
56,70,5.291963473680728e-15
57,70,-0.0001470437148771708
58,70,-0.3672340879626534
67,70,-4.865400526135728
70,70,20.24152010842344
71,70,-6.186081554167982
72,70,-9.190038028119719
19,71,0.002840153948936457
20,71,1.774031950197859
21,71,-0.03483998675222377
22,71,16.47687643032088
23,71,-0.3062509052712767
42,71,1000
56,71,0.0001397225698587246
57,71,-0.0001397225698586413
70,71,-5.8780833497491
71,71,6.49407811246058
92,71,-0.02662135729025203
93,71,-1.96185702324954
53,72,0.2130259840291843
56,72,0.3758075446313205
58,72,5.796214743883218
59,72,-3.996232132098552
63,72,-1.514152709057564
67,72,-1.839310368463731
70,72,-9.404588897442878
72,72,24.7983020176556
73,72,-10.46493275777208
77,72,-2.956328307814875
58,73,-3.898369965497066
59,73,5.973353889921516
60,73,-1.920365011575051
72,73,-10.50632469629885
73,73,15.01712870355349
74,73,-4.571812884647827
55,74,-2.042537081662172
59,74,-1.929297588042237
60,74,4.020143824765515
69,74,-4.408805787347856
73,74,-4.441614500218083
74,74,8.824636018114875
61,75,2.581642737315078
62,75,-2.531476826040681
75,75,2.285354630951653
76,75,-2.340801164465461
55,76,-3.115934383995807
61,76,-2.527578582380584
62,76,7.088496073545537
63,76,-1.165024353802743
69,76,-6.635118211587441
75,76,-2.237495271845857
76,76,11.03746391186086
77,76,-2.278892751955638
58,77,-1.336161667546003
62,77,-1.129613617990105
63,77,2.749722231587659
72,77,-3.111852541529098
76,77,-2.396346566252924
77,77,5.373106223063243
3,78,0.1351351351351351
78,78,-1
2,79,0.01579269871952799
79,79,-1
2,80,-0.01579269871952799
50,80,-1
80,80,-1
64,81,-1
81,81,-1
8,82,0.1639344262295082
82,82,-1
7,83,0.127420998980632
83,83,-1
7,84,-0.127420998980632
52,84,-1
84,84,-1
66,85,-1
85,85,-1
14,86,0.1639344262295082
86,86,-1
13,87,0.127420998980632
87,87,-1
13,88,-0.127420998980632
51,88,-1
88,88,-1
65,89,-1
89,89,-1
20,90,0.2105263157894737
90,90,-1
19,91,0.3952569169960475
91,91,-1
19,92,-0.3952569169960475
57,92,-1
92,92,-1
71,93,-1
93,93,-1
26,94,0.2105263157894737
94,94,-1
25,95,0.3952569169960475
95,95,-1
25,96,-0.3952569169960475
55,96,-1
96,96,-1
69,97,-1
97,97,-1
31,98,10000
98,98,-1
35,99,1000
99,99,-1
39,100,1000
100,100,-1
43,101,1000
101,101,-1
47,102,1000
102,102,-1
