# Unlabeled matrix
# 1 102 102
3,1,-0.05911708629212228
4,1,-18.16239884602267
5,1,18.72322151570375
80,1,18.29820275187102
81,1,0.3542493348131472
1,2,376.9911184307751
2,2,-0.1942501942501942
3,3,-0.1351351351351351
4,3,33.33333333333334
3,4,-0.1747573720900689
4,4,-87.02361633372502
80,4,9.045337901251187
81,4,26.863752609488
5,5,-48.93939393939393
80,5,-15.4466577504556
81,5,5.201069293219432
7,6,8.995915252090253e-05
8,6,0.02856759042739771
9,6,14.12910225194361
10,6,0.2984563246922942
11,6,23.82440587025267
84,6,5.30448649440175
85,6,-0.1116799695013136
6,7,376.9911184307751
7,7,-0.1529051987767584
8,8,-0.1639344262295081
10,8,25
9,9,-3.333333333333333
11,9,10.1010101010101
7,10,-0.003623913701327577
8,10,-1.085151135027099
9,10,0.333727717880871
10,10,-36.33698063611455
11,10,0.562729638385434
84,10,0.1006773861317607
85,10,4.657445715098168
7,11,-8.102467324375808e-05
8,11,-0.02587668091218466
9,11,-13.99503333048814
10,11,-0.2703433843996547
11,11,-33.69934977523798
84,11,-4.657445715098168
85,11,0.1006773861317607
13,12,-0.002288105189029579
14,12,-0.2431002774104426
15,12,14.28817439339676
16,12,-2.539759715191598
17,12,24.09263234303574
88,12,5.987285150026922
89,12,-0.519506606422653
12,13,376.9911184307751
13,13,-0.1529051987767584
14,14,-0.1639344262295081
16,14,25
15,15,-3.333333333333333
17,15,10.1010101010101
13,16,-0.005941141960000491
14,16,-1.085151135027099
15,16,0.333727717880871
16,16,-36.33698063611455
17,16,0.562729638385434
88,16,1.256669957783311
89,16,4.654772217551768
13,17,0.0008013014682472797
14,17,-0.02587668091218466
15,17,-13.99503333048814
16,17,-0.2703433843996547
17,17,-33.69934977523798
88,17,-4.654772217551768
89,17,1.256669957783311
19,18,4.114858673855614e-05
20,18,0.02510907577264302
21,18,2.972668215107571
22,18,0.2332083921821478
23,18,26.13038685755918
92,18,2.807399357044353
93,18,-0.02829070273792521
18,19,376.9911184307751
19,19,-0.1976284584980237
20,20,-0.2105263157894735
22,20,16.66666666666667
21,21,-0.6666666666666666
23,21,4.761904761904762
19,22,-0.003009381055824044
20,22,-1.774054707454313
21,22,0.03195805626585881
22,22,-33.14375446212246
23,22,0.2809181223785902
92,22,0.02326438318077991
93,22,2.260614262763149
19,23,-3.377822392838566e-05
20,23,-0.02069730492030032
21,23,-2.73926196564504
22,23,-0.1922326909469843
23,23,-28.84060096578392
92,23,-2.260614262763149
93,23,0.02326438318077991
25,24,4.461045371409806e-05
26,24,0.0242384093183038
27,24,2.958210530878435
28,24,0.2251218052531058
29,24,26.0033007333655
96,24,2.834563644030312
97,24,-0.02823220303740753
24,25,376.9911184307751
25,25,-0.1976284584980237
26,26,-0.2105263157894735
28,26,16.66666666666667
27,27,-0.6666666666666666
29,27,4.761904761904762
25,28,-0.003459538225816144
26,28,-1.774054707454313
27,28,0.03195805626585881
28,28,-33.14375446212246
29,28,0.2809181223785902
96,28,0.02402992215111633
97,28,2.249599174377932
25,29,-3.790166451160891e-05
26,29,-0.02069730492030032
27,29,-2.73926196564504
28,29,-0.1922326909469843
29,29,-28.84060096578392
96,29,-2.249599174377932
97,29,0.02402992215111633
30,30,-1000
31,30,-10000
31,31,-50
33,31,5
31,32,-10000
32,32,-1
31,33,-20
32,33,-0.002
33,33,-5.016153031334306
78,33,1
34,34,-1000
35,34,-1000
35,35,-50
37,35,0.5050505050505051
35,36,-1000
36,36,-1
35,37,-1
36,37,-0.001
37,37,-0.5171493010141816
86,37,1
38,38,-1000
39,38,-1000
39,39,-50
41,39,0.5050505050505051
39,40,-1000
40,40,-1
39,41,-1
40,41,-0.001
41,41,-0.5105330055011358
82,41,1
42,42,-1000
43,42,-1000
43,43,-50
45,43,1.428571428571429
43,44,-1000
44,44,-1
43,45,-1
44,45,-0.001
45,45,-1.462627794767965
90,45,1
46,46,-1000
47,46,-1000
47,47,-50
49,47,1.428571428571429
47,48,-1000
48,48,-1
47,49,-1
48,49,-0.001
49,49,-1.473423418167486
94,49,1
3,50,0.05911708629212228
4,50,18.16239884602267
5,50,-18.72322151570375
50,50,22.13448307818296
51,50,-16.0062672559861
54,50,-4.146460346171175
64,50,-3.262853205767429
65,50,7.766624246782385
68,50,2.071943140393188
80,50,-18.29820275187102
81,50,-0.3542493348131472
13,51,0.002288105189029579
14,51,0.2431002774104426
15,51,-14.28817439339676
16,51,2.539759715191598
17,51,-24.09263234303574
50,51,-17.4995048382813
51,51,32.27965471506008
52,51,-4.714177314294242
53,51,-5.057883252681709
54,51,-5.262675901564871
64,51,3.207549543768601
65,51,-10.30066654900848
66,51,2.159042919991887
67,51,2.421823481562154
68,51,2.268639198080708
88,51,-5.987285150026922
89,51,0.519506606422653
7,52,-8.995915252090253e-05
8,52,-0.02856759042739771
9,52,-14.12910225194361
10,52,-0.2984563246922942
11,52,-23.82440587025267
51,52,-5.18159305209695
52,52,9.66488426040609
53,52,-5.223105358900044
65,52,0.1898091763697942
66,52,-4.499728016559588
67,52,1.64544109508784
84,52,-5.30448649440175
85,52,0.1116799695013136
51,53,-5.506713102105893
52,53,-4.950706946111847
53,53,38.40631748532815
54,53,-21.81597192272057
56,53,-4.991303428871494
58,53,-1.833684289769594
65,53,1.059963577062549
66,53,2.3406850965677
67,53,-11.10270114530991
68,53,6.021285224994345
70,53,0.3910763585438988
72,53,0.221230097361926
50,54,-4.63497823990166
51,54,-5.585081304871131
53,54,-21.30034115510531
54,54,35.79689508442357
55,54,-4.571786913966964
64,54,0.05530366199882764
65,54,1.284269548793748
67,54,7.64774302456575
68,54,-9.741036318609058
69,54,0.6208312448591808
25,55,-4.461045371409806e-05
26,55,-0.0242384093183038
27,55,-2.958210530878435
28,55,-0.2251218052531058
29,55,-26.0033007333655
54,55,-4.571786913966964
55,55,19.9258926402487
60,55,-4.716604017434893
61,55,-3.577215162253256
62,55,-6.789420455555742
68,55,-0.6208312448591808
69,55,-7.833846741997023
74,55,2.291782021371227
75,55,1.816912043501475
76,55,3.6501535399146
96,55,-2.834563644030312
97,55,0.02823220303740753
53,56,-4.991303428871494
56,56,20.64863758365241
57,56,-6.331708416861998
58,56,-9.325625737918919
67,56,-0.3910763585438983
70,56,7.105427357601002e-15
71,56,0.0003304384906623881
72,56,0.3907459200532437
19,57,-4.114858673855614e-05
20,57,-0.02510907577264302
21,57,-2.972668215107571
22,57,-0.2332083921821478
23,57,-26.13038685755918
56,57,-6.331708416861998
57,57,6.331708416861998
70,57,-0.0003304384906628322
71,57,-0.0003304384906623881
92,57,-2.807399357044353
93,57,0.02829070273792521
53,58,-1.833684289769594
56,58,-9.325625737918919
58,58,24.46478307253179
59,58,-10.20742897592792
63,58,-2.964023331499838
67,58,-0.2212300973619261
70,58,-0.3907459200532437
72,58,-5.718259913519657
73,58,3.9336159501118
77,58,1.489520189333786
58,59,-10.26745991726342
59,59,10.20742897592792
72,59,3.774149916070644
73,59,-3.9336159501118
55,60,-4.747307328409917
60,60,4.716604017434893
69,60,2.227485447851196
74,60,-2.291782021371227
55,61,-3.653845445181808
61,61,6.057202949481724
62,61,-2.472446325791705
69,61,1.657423046056571
75,61,-4.550371913505517
76,61,2.740283097018255
55,62,-6.952952952690012
61,62,-2.479987787228468
62,62,11.68599186740942
63,62,-2.363938924114467
69,62,3.328107003230075
75,62,2.733459870004042
76,62,-7.504994637273618
77,62,1.237099321823075
58,63,-3.038013127579857
62,63,-2.424125086061975
63,63,5.327962255614304
72,63,1.332133980033845
76,63,1.114558000340764
77,63,-2.726619511156861
3,64,0.1656207805668602
4,64,50.88327017642206
5,64,5.947009242466716
30,64,1000
50,64,9.696146945255522
51,64,-7.326426826660745
54,64,-1.954509362723608
64,64,20.35109390567573
65,64,-15.0990626162378
68,64,-3.911446897725098
80,64,-0.3341711594940366
81,64,-27.38339951233389
13,65,0.005580721603005477
14,65,1.060235193178974
15,65,3.000394386921745
16,65,11.07667445281439
17,65,5.059246678961387
34,65,1000
50,65,-3.069605433826638
51,65,10.62212520656666
52,65,-2.066190962489508
53,65,-2.317670364036765
54,65,-2.171073935038501
64,65,-16.74691985513382
65,65,32.71091822603909
66,65,-4.511439060416836
67,65,-4.840363556115528
68,65,-5.036348877383835
88,65,0.2672852081068671
89,65,-3.910310828392705
7,66,0.003623724133777393
8,66,1.085090772550741
9,66,-0.3649156836168703
10,66,11.33635000669941
11,66,-0.6153185956109202
38,66,1000
51,66,-0.187997647592439
52,66,4.45589797100127
53,66,-1.629737091982176
65,66,-5.132140201049693
66,66,10.7659450564438
67,66,-5.173256316584133
84,66,-0.111498980236956
85,66,-4.060558812685112
51,67,-1.06389047886887
52,67,-2.349356753530868
53,67,11.14383389564778
54,67,-6.043592591339825
56,67,-0.3925251993267402
58,67,-0.2220496999291678
65,67,-5.527114106532362
66,67,-4.969048085816972
67,67,38.54860335323054
68,67,-21.89679468060002
70,67,-5.009794968462927
72,67,-1.840477634659494
50,68,-0.05511246648134704
51,68,-1.279829579140898
53,68,-7.621303289251806
54,68,9.707359661179511
55,68,-0.6186849104784393
64,68,-4.61895421850669
65,68,-5.565772592361661
67,68,-21.226701732281
68,68,35.67313825472193
69,68,-4.555981357278048
25,69,0.003459499227829759
26,69,1.77403346728354
27,69,-0.03465532398249817
28,69,16.4768905207285
29,69,-0.3046276801879676
46,69,1000
54,69,0.5748742482731717
55,69,7.253741257019515
60,69,-2.12213299129394
61,69,-1.682415235759114
62,69,-3.379951137633262
68,69,-4.23336065508111
69,69,19.20120123102009
74,69,-4.367457680935707
75,69,-3.312412019111867
76,69,-6.286834003471283
96,69,-0.02634775399052806
97,69,-1.874413608157575
53,70,0.3805206247760526
56,70,9.753611468657413e-15
57,70,-0.0003215194633221508
58,70,-0.3801991053127383
67,70,-4.856580710408346
70,70,20.09130008103961
71,70,-6.160806170065813
72,70,-9.073913200565444
19,71,0.003009331753731202
20,71,1.774024564161533
21,71,-0.03572539465315513
22,71,16.47680783019909
23,71,-0.3140338293327293
42,71,1000
56,71,0.0003044881380156461
57,71,-0.0003044881380154241
70,71,-5.834459848920359
71,71,6.487150865109264
92,71,-0.02667792297334832
93,71,-1.934234620648596
53,72,0.2214300353173295
56,72,0.3910990588949717
58,72,5.723427823352916
59,72,-3.937170977839878
63,72,-1.490866351654097
67,72,-1.835341492347921
70,72,-9.334053825078533
72,72,24.48689325900839
73,72,-10.21665399776585
77,72,-2.966702084398899
58,73,-3.817753806239964
59,73,3.979062199378864
72,73,-10.38608297265502
73,73,10.32535847578226
55,74,-2.081232605092882
60,74,2.141307576776638
69,74,-4.435607338227214
74,74,4.406919953558923
55,75,-1.571925772067905
61,75,4.315643432346201
62,75,-2.59892707128318
69,75,-3.465363798397536
75,75,5.74474540196001
76,75,-2.344906515456964
55,76,-3.191339369557997
61,76,-2.621129095243734
62,76,7.196578965462177
63,76,-1.186261068516056
69,76,-6.667223280702371
75,76,-2.378073377365534
76,76,11.20575927474773
77,76,-2.266793510074995
58,77,-1.342901634887214
62,77,-1.123566985954527
63,77,2.748658809194923
72,77,-3.062569423934487
76,77,-2.443719318053147
77,77,5.371028238090613
3,78,0.1351351351351351
78,78,-1
2,79,0.01579269871952799
79,79,-1
2,80,-0.01579269871952799
50,80,-1
80,80,-1
64,81,-1
81,81,-1
8,82,0.1639344262295082
82,82,-1
7,83,0.127420998980632
83,83,-1
7,84,-0.127420998980632
52,84,-1
84,84,-1
66,85,-1
85,85,-1
14,86,0.1639344262295082
86,86,-1
13,87,0.127420998980632
87,87,-1
13,88,-0.127420998980632
51,88,-1
88,88,-1
65,89,-1
89,89,-1
20,90,0.2105263157894737
90,90,-1
19,91,0.3952569169960475
91,91,-1
19,92,-0.3952569169960475
57,92,-1
92,92,-1
71,93,-1
93,93,-1
26,94,0.2105263157894737
94,94,-1
25,95,0.3952569169960475
95,95,-1
25,96,-0.3952569169960475
55,96,-1
96,96,-1
69,97,-1
97,97,-1
31,98,10000
98,98,-1
35,99,1000
99,99,-1
39,100,1000
100,100,-1
43,101,1000
101,101,-1
47,102,1000
102,102,-1
