# Unlabeled matrix
# 1 102 102
3,1,-0.05929901165198014
4,1,-18.21829133249632
5,1,18.71556524911446
80,1,18.30482915040811
81,1,0.3525971587203838
1,2,376.9911184307751
2,2,-0.1942501942501942
3,3,-0.1351351351351351
4,3,33.33333333333334
3,4,-0.1747573720900689
4,4,-87.02361633372502
80,4,9.073173785188185
81,4,26.85276753133815
5,5,-48.93939393939393
80,5,-15.44034133051943
81,5,5.217074926483205
7,6,8.801616917221075e-05
8,6,0.02803186091544496
9,6,14.13528094331372
10,6,0.2928593576826695
11,6,23.83482434188121
84,6,5.302670802391038
85,6,-0.1119565813512843
6,7,376.9911184307751
7,7,-0.1529051987767584
8,8,-0.1639344262295081
10,8,25
9,9,-3.333333333333333
11,9,10.1010101010101
7,10,-0.003587437221862104
8,10,-1.085151135027099
9,10,0.333727717880871
10,10,-36.33698063611455
11,10,0.562729638385434
84,10,0.1030491472920258
85,10,4.659371349429406
7,11,-8.09376668702789e-05
8,11,-0.02587668091218466
9,11,-13.99503333048814
10,11,-0.2703433843996547
11,11,-33.69934977523798
84,11,-4.659371349429406
85,11,0.1030491472920258
13,12,-0.002291126562813431
14,12,-0.2438017475909185
15,12,14.28750182449112
16,12,-2.547088237087001
17,12,24.09149826145731
88,12,5.985861732346939
89,12,-0.5199701277782697
12,13,376.9911184307751
13,13,-0.1529051987767584
14,14,-0.1639344262295081
16,14,25
15,15,-3.333333333333333
17,15,10.1010101010101
13,16,-0.005928830069535029
14,16,-1.085151135027099
15,16,0.333727717880871
16,16,-36.33698063611455
17,16,0.562729638385434
88,16,1.25963781240757
89,16,4.654408662283367
13,17,0.0008035722782522795
14,17,-0.02587668091218466
15,17,-13.99503333048814
16,17,-0.2703433843996547
17,17,-33.69934977523798
88,17,-4.654408662283367
89,17,1.25963781240757
19,18,3.641955550665574e-05
20,18,0.02406142963896303
21,18,2.986135828078894
22,18,0.2234780511443647
23,18,26.24877004448871
92,18,2.808928549879324
93,18,-0.02882137521433518
18,19,376.9911184307751
19,19,-0.1976284584980237
20,20,-0.2105263157894735
22,20,16.66666666666667
21,21,-0.6666666666666666
23,21,4.761904761904762
19,22,-0.002820632251245741
20,22,-1.774054707454313
21,22,0.03195805626585881
22,22,-33.14375446212246
23,22,0.2809181223785902
92,22,0.0247330997804904
93,22,2.270824114687065
19,23,-3.122266469996207e-05
20,23,-0.02069730492030032
21,23,-2.73926196564504
22,23,-0.1922326909469843
23,23,-28.84060096578392
92,23,-2.270824114687065
93,23,0.0247330997804904
25,24,4.85924925542005e-05
26,24,0.02376371153564984
27,24,2.929454974243192
28,24,0.2207129011712688
29,24,25.75053326494618
96,24,2.828904398272164
97,24,-0.02773435295250053
24,25,376.9911184307751
25,25,-0.1976284584980237
26,26,-0.2105263157894735
28,26,16.66666666666667
27,27,-0.6666666666666666
29,27,4.761904761904762
25,28,-0.003850046126010902
26,28,-1.774054707454313
27,28,0.03195805626585881
28,28,-33.14375446212246
29,28,0.2809181223785902
96,28,0.02407698948642628
97,28,2.227725189942356
25,29,-4.213125425590048e-05
26,29,-0.02069730492030032
27,29,-2.73926196564504
28,29,-0.1922326909469843
29,29,-28.84060096578392
96,29,-2.227725189942356
97,29,0.02407698948642628
30,30,-1000
31,30,-10000
31,31,-50
33,31,5
31,32,-10000
32,32,-1
31,33,-20
32,33,-0.002
33,33,-5.016659322335602
78,33,1
34,34,-1000
35,34,-1000
35,35,-50
37,35,0.5050505050505051
35,36,-1000
36,36,-1
35,37,-1
36,37,-0.001
37,37,-0.5171039372709675
86,37,1
38,38,-1000
39,38,-1000
39,39,-50
41,39,0.5050505050505051
39,40,-1000
40,40,-1
39,41,-1
40,41,-0.001
41,41,-0.5104650816119281
82,41,1
42,42,-1000
43,42,-1000
43,43,-50
45,43,1.428571428571429
43,44,-1000
44,44,-1
43,45,-1
44,45,-0.001
45,45,-1.45898467403173
90,45,1
46,46,-1000
47,46,-1000
47,47,-50
49,47,1.428571428571429
47,48,-1000
48,48,-1
47,49,-1
48,49,-0.001
49,49,-1.485014776805917
94,49,1
3,50,0.05929901165198014
4,50,18.21829133249632
5,50,-18.71556524911446
50,50,22.13169727968146
51,50,-16.00456265639556
54,50,-4.139093826727763
64,50,-3.250177342250677
65,50,7.771540423824922
68,50,2.076816022943092
80,50,-18.30482915040811
81,50,-0.3525971587203838
13,51,0.002291126562813431
14,51,0.2438017475909185
15,51,-14.28750182449112
16,51,2.547088237087001
17,51,-24.09149826145731
50,51,-17.50103892945447
51,51,32.28780046521584
52,51,-4.717404897034511
53,51,-5.067811297693042
54,51,-5.255324815293438
64,51,3.202577519960334
65,51,-10.30210380157555
66,51,2.158373483949579
67,51,2.425292878935389
68,51,2.273962535840234
88,51,-5.985861732346939
89,51,0.5199701277782697
7,52,-8.801616917221075e-05
8,52,-0.02803186091544496
9,52,-14.13528094331372
10,52,-0.2928593576826695
11,52,-23.83482434188121
51,52,-5.184175507257192
52,52,9.679408278672765
53,52,-5.234321451202882
65,52,0.1918576783359545
66,52,-4.503366283841555
67,52,1.649953858873647
84,52,-5.302670802391038
85,52,0.1119565813512843
51,53,-5.516758513399708
52,53,-4.962003381638254
53,53,38.54285852029424
54,53,-21.82563555831948
56,53,-5.044660022467558
58,53,-1.865059685919957
65,53,1.063076856333438
66,53,2.344992799891977
67,53,-11.14217314899469
68,53,6.060800071579498
70,53,0.3536508584781856
72,53,0.2004361388031862
50,54,-4.630658350226992
51,54,-5.582303788163375
53,54,-21.3310060630108
54,54,35.73270097032145
55,54,-4.51264676998077
64,54,0.04759982229034243
65,54,1.275628843081237
67,54,7.621013408467027
68,54,-9.723567842769606
69,54,0.6880107875932211
25,55,-4.85924925542005e-05
26,55,-0.02376371153564984
27,55,-2.929454974243192
28,55,-0.2207129011712688
29,55,-25.75053326494618
54,55,-4.51264676998077
55,55,19.49114151086404
60,55,-4.46957999911187
61,55,-3.516449067079575
62,55,-6.695107196237288
68,55,-0.6880107875932211
69,55,-7.682214903013421
74,55,2.257061325287964
75,55,1.776380733960329
76,55,3.565855067198338
96,55,-2.828904398272164
97,55,0.02773435295250053
53,56,-5.044660022467558
56,56,20.99216277534703
57,56,-6.413034779682647
58,56,-9.534467973196831
67,56,-0.3536508584781854
70,56,1.804112415015879e-16
71,56,5.924654765147863e-05
72,56,0.3535916119305342
19,57,-3.641955550665574e-05
20,57,-0.02406142963896303
21,57,-2.986135828078894
22,57,-0.2234780511443647
23,57,-26.24877004448871
56,57,-6.413034779682648
57,57,6.413034779682647
70,57,-5.924654765147863e-05
71,57,-5.924654765147863e-05
92,57,-2.808928549879324
93,57,0.02882137521433518
53,58,-1.865059685919957
56,58,-9.534467973196829
58,58,14.51050442411594
63,58,-3.001154528406962
67,58,-0.2004361388031862
70,58,-0.3535916119305342
72,58,-1.873930208775711
77,58,1.553509069085945
59,59,4.539417193260715
60,59,-4.604635259256283
73,59,-2.029448909055418
74,59,1.876780610021064
55,60,-4.56501975959797
59,60,-4.539417193260715
60,60,9.074215258368156
69,60,2.057198529323704
73,60,2.029448909055418
74,60,-4.133841935309027
55,61,-3.584230101432801
61,61,5.955441305952385
62,61,-2.440799371678637
69,61,1.635309491604958
75,61,-4.473925189093276
76,61,2.695909430213389
55,62,-6.829244879852508
61,62,-2.438992238872809
62,62,11.53952997764729
63,62,-2.378797156075123
69,62,3.301696094491538
75,62,2.697544455132947
76,62,-7.410933670117267
77,62,1.199716372128962
58,63,-3.110976764999154
62,63,-2.403623409731366
63,63,5.379951684482085
72,63,1.319902458041991
76,63,1.14916917270554
77,63,-2.753225441214908
3,64,0.1655618885992144
4,64,50.865176940231
5,64,5.965628701769434
30,64,1000
50,64,9.707259227321062
51,64,-7.331455526647302
54,64,-1.959210591320836
64,64,20.35040802212991
65,64,-15.09826018263888
68,64,-3.904706230214755
80,64,-0.3326303727451241
81,64,-27.37384539197449
13,65,0.005566877888234922
14,65,1.060092177269027
15,65,3.008787813914416
16,65,11.07518031199898
17,65,5.073399624261803
34,65,1000
50,65,-3.064578072677755
51,65,10.6234143762585
52,65,-2.065368913113116
53,65,-2.320786719535505
54,65,-2.175977218972359
64,65,-16.74691707476615
65,65,32.71142271035733
66,65,-4.514131357411665
67,65,-4.849438704475466
68,65,-5.028872242239125
88,65,0.2676649031884237
89,65,-3.913022818498797
7,66,0.003587291944119545
8,66,1.085104780433104
9,66,-0.3579205037679798
10,66,11.3364963522968
11,66,-0.6035233660992606
38,66,1000
51,66,-0.1899459880446777
52,66,4.45796898784995
53,66,-1.633513543320883
65,66,-5.132519831698847
66,66,10.7642579888928
67,66,-5.182166116131196
84,66,-0.1113663099490631
85,66,-4.068538064403602
51,67,-1.065123623444926
52,67,-2.34950767020535
53,67,11.16362543950031
54,67,-6.07246907385521
56,67,-0.3543317508725313
58,67,-0.2008220432600576
65,67,-5.527380059546606
66,67,-4.971556844558759
67,67,38.61706600090306
68,67,-21.86765697265274
70,67,-5.054372626181116
72,67,-1.868650529614239
50,68,-0.04747785025864038
51,68,-1.272360111514574
53,68,-7.60148496394076
54,68,9.698651713504701
55,68,-0.6862477962718752
64,68,-4.618792532668918
65,68,-5.567999429410404
67,68,-21.27634648609309
68,68,35.64113781050632
69,68,-4.501083350866942
25,69,0.003850008529513118
26,69,1.774036281131576
27,69,-0.0343101850431042
28,69,16.47691665522195
29,69,-0.3015938353881552
46,69,1000
54,69,0.6433354409048858
55,69,7.183264498955689
60,69,-2.110501127363144
61,69,-1.661033087424475
62,69,-3.334309553319519
68,69,-4.219622209077978
69,69,19.06051899809715
74,69,-4.179351939301808
75,69,-3.288111686305051
76,69,-6.260366578065014
96,69,-0.0260463045745117
97,69,-1.810195291431119
53,70,0.3412781338999425
56,70,1.711255306457203e-16
57,70,-5.717376541800739e-05
58,70,-0.3412209601345246
67,70,-4.868169035516612
70,70,20.25773716292614
71,70,-6.188670237260361
72,70,-9.200897890149175
19,71,0.00282060721050198
20,71,1.774038136843873
21,71,-0.03408065552624415
22,71,16.47693389073013
23,71,-0.2995762220398842
42,71,1000
56,71,5.434792924017412e-05
57,71,-5.434792924018388e-05
70,71,-5.882792740452091
71,71,6.494546084284989
92,71,-0.02654706438532733
93,71,-1.964927595748167
53,72,0.1978860617806704
56,72,0.3490929928176217
58,72,1.850088867609737
63,72,-1.533744331025231
67,72,-1.8413312012311
70,72,-9.413164360756777
72,72,14.32589248667792
77,72,-2.962971916979664
59,73,2.016618247319516
60,73,-1.864915153811628
73,73,4.510717911290627
74,73,-4.575523653063532
55,74,-1.993446282263444
59,74,-1.966556618203543
60,74,4.005734847630655
69,74,-4.423550541435281
73,74,-4.398741394455099
74,74,8.793006806785378
55,75,-1.56414750659193
61,75,4.279238251305618
62,75,-2.578594470901901
69,75,-3.428259057376132
75,75,5.69628484221523
76,75,-2.334585759393701
55,76,-3.186042280928478
61,76,-2.603053231663738
62,76,7.151338990145987
63,76,-1.157691979313935
69,76,-6.590025947671357
75,76,-2.353557739269118
76,76,11.1353163218639
77,76,-2.295471206345211
58,77,-1.324126617586207
62,77,-1.152846924723673
63,77,2.762036746515557
72,77,-3.120933002381423
76,77,-2.411315863597979
77,77,5.397169452444376
3,78,0.1351351351351351
78,78,-1
2,79,0.01579269871952799
79,79,-1
2,80,-0.01579269871952799
50,80,-1
80,80,-1
64,81,-1
81,81,-1
8,82,0.1639344262295082
82,82,-1
7,83,0.127420998980632
83,83,-1
7,84,-0.127420998980632
52,84,-1
84,84,-1
66,85,-1
85,85,-1
14,86,0.1639344262295082
86,86,-1
13,87,0.127420998980632
87,87,-1
13,88,-0.127420998980632
51,88,-1
88,88,-1
65,89,-1
89,89,-1
20,90,0.2105263157894737
90,90,-1
19,91,0.3952569169960475
91,91,-1
19,92,-0.3952569169960475
57,92,-1
92,92,-1
71,93,-1
93,93,-1
26,94,0.2105263157894737
94,94,-1
25,95,0.3952569169960475
95,95,-1
25,96,-0.3952569169960475
55,96,-1
96,96,-1
69,97,-1
97,97,-1
31,98,10000
98,98,-1
35,99,1000
99,99,-1
39,100,1000
100,100,-1
43,101,1000
101,101,-1
47,102,1000
102,102,-1
