# Unlabeled matrix
# 1 102 102
3,1,-0.02257879989506704
4,1,-6.93682985545566
5,1,19.61350307100066
80,1,17.34734270402412
81,1,0.2470069743258659
1,2,376.9911184307751
2,2,-0.1942501942501942
3,3,-0.1351351351351351
4,3,33.33333333333334
3,4,-0.1747573720900689
4,4,-87.02361633372502
80,4,3.454718208648107
81,4,28.14111310187053
5,5,-48.93939393939393
80,5,-16.18114003357555
81,5,1.986462969972661
7,6,-0.008587715234773252
8,6,-1.029273112303855
9,6,4.851837170712445
10,6,-10.75320198892918
11,6,8.181138186294231
84,6,4.55103082407387
85,6,-1.522478248864529
6,7,376.9911184307751
7,7,-0.1529051987767584
8,8,-0.1639344262295082
10,8,25
9,9,-3.333333333333333
11,9,10.1010101010101
7,10,-0.007830734444073045
8,10,-1.085151135027099
9,10,0.333727717880871
10,10,-36.33698063611455
11,10,0.562729638385434
84,10,4.446486755853562
85,10,1.38880091727333
7,11,0.003395488470335423
8,11,-0.02587668091218466
9,11,-13.99503333048814
10,11,-0.2703433843996547
11,11,-33.69934977523798
84,11,-1.38880091727333
85,11,4.446486755853562
13,12,-0.003226224241578919
14,12,-0.5040966496808548
15,12,13.22743662783239
16,12,-5.266486641069915
17,12,22.3040228052122
88,12,5.465467293887468
89,12,-0.6615230688928505
12,13,376.9911184307751
13,13,-0.1529051987767584
14,14,-0.1639344262295082
16,14,25
15,15,-3.333333333333333
17,15,10.1010101010101
13,16,-0.003284741847599844
14,16,-1.085151135027099
15,16,0.333727717880871
16,16,-36.33698063611455
17,16,0.562729638385434
88,16,2.348187926736844
89,16,4.2526686839594
13,17,0.001743041388711746
14,17,-0.02587668091218466
15,17,-13.99503333048814
16,17,-0.2703433843996547
17,17,-33.69934977523798
88,17,-4.2526686839594
89,17,2.348187926736844
19,18,-0.0004013944850810388
20,18,-0.128300797906
21,18,3.109165908021012
22,18,-1.191633776817243
23,18,27.33023065541923
92,18,3.056480380748271
93,18,-0.0791874922856496
18,19,376.9911184307751
19,19,-0.1976284584980237
20,20,-0.2105263157894735
22,20,16.66666666666667
21,21,-0.6666666666666666
23,21,4.761904761904762
19,22,-0.002960709987002015
20,22,-1.774054707454313
21,22,0.03195805626585881
22,22,-33.14375446212246
23,22,0.2809181223785902
92,22,0.2057669540649438
93,22,2.360182126447567
19,23,0.0001305972211109686
20,23,-0.02069730492030032
21,23,-2.73926196564504
22,23,-0.1922326909469843
23,23,-28.84060096578392
92,23,-2.360182126447567
93,23,0.2057669540649438
25,24,-0.006341703050679367
26,24,-1.005645403855498
27,24,2.823074667235938
28,24,-9.340246127021063
29,24,24.81542770489804
96,24,3.831324583704522
97,24,-0.7324141819867866
24,25,376.9911184307751
25,25,-0.1976284584980237
26,26,-0.2105263157894734
28,26,16.66666666666667
27,27,-0.6666666666666666
29,27,4.761904761904762
25,28,-0.009192545136171236
26,28,-1.774054707454313
27,28,0.03195805626585881
28,28,-33.14375446212246
29,28,0.2809181223785902
96,28,1.230566617999987
97,28,2.118651856487249
25,29,0.0009972111733165885
26,29,-0.02069730492030032
27,29,-2.73926196564504
28,29,-0.1922326909469843
29,29,-28.84060096578392
96,29,-2.118651856487249
97,29,1.230566617999987
30,30,-1000
31,30,-10000
31,31,-50
33,31,5
31,32,-10000
32,32,-1
31,33,-20
32,33,-0.002
33,33,-5.015144502531297
78,33,1
34,34,-1000
35,34,-1000
35,35,-50
37,35,0.5050505050505051
35,36,-1000
36,36,-1
35,37,-1
36,37,-0.001
37,37,-0.5094225113167775
86,37,1
38,38,-1000
39,38,-1000
39,39,-50
41,39,0.5050505050505051
39,40,-1000
40,40,-1
39,41,-1
40,41,-0.001
41,41,-0.5150777787658405
82,41,1
42,42,-1000
43,42,-1000
43,43,-50
45,43,1.428571428571429
43,44,-1000
44,44,-1
43,45,-1
44,45,-0.001
45,45,-1.463485004314177
90,45,1
46,46,-1000
47,46,-1000
47,47,-50
49,47,1.428571428571429
47,48,-1000
48,48,-1
47,49,-1
48,49,-0.001
49,49,-2.64535641794689
94,49,1
3,50,0.02257879989506704
4,50,6.93682985545566
5,50,-19.61350307100066
50,50,21.99300924757299
51,50,-16.83093400639109
54,50,-4.468030041134077
64,50,-5.47574289529935
65,50,6.180539948193272
68,50,1.735546880011313
80,50,-17.34734270402412
81,50,-0.2470069743258659
13,51,0.003226224241578919
14,51,0.5040966496808548
15,51,-13.22743662783239
16,51,5.266486641069915
17,51,-22.3040228052122
50,51,-17.22605584667949
51,51,27.6441352321154
52,51,-5.035450036197955
53,51,-5.310013532578818
64,51,4.974174659758521
65,51,-8.437303239796231
66,51,1.391070038756675
67,51,2.388679282080288
88,51,-5.465467293887468
89,51,0.6615230688928505
7,52,0.008587715234773252
8,52,1.029273112303855
9,52,-4.851837170712445
10,52,10.75320198892918
11,52,-8.181138186294231
51,52,-5.123469272639795
52,52,10.4170127644833
53,52,-5.102320647924254
65,52,1.020242878969677
66,52,-3.088520895358437
67,52,2.410161989330561
84,52,-4.55103082407387
85,52,1.522478248864529
51,53,-5.689731953084521
52,53,-5.381562728285342
53,53,40.7844322025265
54,53,-23.03362508859583
56,53,-5.419946706517041
58,53,-2.019625133426925
65,53,1.236520412633282
66,53,1.697450856601762
67,53,-11.78716581077868
68,53,7.126803215183774
70,53,0.2860120815136979
72,53,0.1713635945572315
50,54,-4.766953400893493
53,54,-22.93252618207946
54,54,32.68871408559596
55,54,-5.187058955866062
64,54,0.5015682355408285
67,54,7.445700215438764
68,54,-8.581177532729274
69,54,0.2811725624658106
25,55,0.006341703050679367
26,55,1.005645403855498
27,55,-2.823074667235938
28,55,9.340246127021063
29,55,-24.81542770489804
54,55,-5.187058955866063
55,55,23.16396643209933
60,55,-5.321292618076733
61,55,-4.226046298324656
62,55,-8.005406257603173
68,55,-0.2811725624658106
69,55,-8.592491543080001
74,55,2.67962889784665
75,55,2.159310413118946
76,55,4.332397995494302
96,55,-3.831324583704522
97,55,0.7324141819867866
53,56,-5.419946706517041
56,56,22.85118450991714
57,56,-6.980068961134701
58,56,-10.4511688422654
67,56,-0.2860120815136977
70,56,-1.332267629550188e-13
71,56,-0.0477558139133456
72,56,0.3337678954269092
19,57,0.0004013944850810388
20,57,0.128300797906
21,57,-3.109165908021012
22,57,1.191633776817243
23,57,-27.33023065541923
56,57,-6.9800689611347
57,57,6.980068961134701
70,57,0.04775581391334538
71,57,0.0477558139133456
92,57,-3.056480380748271
93,57,0.0791874922856496
53,58,-2.019625133426925
56,58,-10.4511688422654
58,58,27.75127691846266
59,58,-11.81627199016763
63,58,-3.39838268527227
67,58,-0.1713635945572315
70,58,-0.3337678954269092
72,58,-6.496704625853519
73,58,4.447035265551053
77,58,1.684145696189891
58,59,-11.81548274548496
59,59,17.04592289023925
60,59,-5.303233624768615
72,59,4.449131813041951
73,59,-6.782920747004193
74,59,2.163636439008887
55,60,-5.429060888907317
59,60,-5.229650900071624
60,60,10.62452624284535
69,60,2.453948659183742
73,60,2.335885481453141
74,60,-4.843265336855537
55,61,-4.326607083424159
61,61,7.147688685677233
62,61,-2.910544275891095
69,61,1.950015364414172
75,61,-5.377340363310505
76,61,3.22807109865671
55,62,-8.221239503901792
61,62,-2.921642387352577
62,62,13.74610183244391
63,62,-2.742844646579592
69,62,3.90735495701628
75,62,3.21802995019156
76,62,-8.840177552082888
77,62,1.457468132405785
58,63,-3.465000197285374
62,63,-2.830151298949644
63,63,6.141227331851863
72,63,1.542441322827426
76,63,1.279708457931876
77,63,-3.141613828595675
3,64,0.1734551865598811
4,64,53.29021570252246
5,64,2.27082840627443
30,64,1000
50,64,7.612898480966116
51,64,-5.828867872904811
54,64,-1.636794444436099
64,64,20.49912451805481
65,64,-15.87325562542682
68,64,-4.213799600074291
80,64,-0.23295230337478
81,64,-28.29471424603729
13,65,0.002106613034425227
14,65,0.9741548632881709
15,65,6.17495135636464
16,65,10.17736098243958
17,65,10.41216524021271
34,65,1000
50,65,-4.724513043330868
51,65,9.038843612333709
52,65,-1.321250054900915
53,65,-2.268787727906281
64,65,-16.36145312531791
65,65,26.92589093932051
66,65,-4.782712912660983
67,65,-5.04349563715359
88,65,0.396701646117509
89,65,-4.52188878162698
7,66,-0.0007038954938037003
8,66,0.372629275783673
9,66,13.14827561301565
10,66,3.892997710317462
11,66,22.17054198580374
38,66,1000
51,66,-1.01055053277917
52,66,5.853105888716559
53,66,-2.387265358677883
65,66,-5.074796119501005
66,66,10.01963580684607
67,66,-5.053848407525384
84,66,1.285911411902253
85,66,-4.806210797791365
51,67,-1.204370246951879
52,67,-1.653316262689505
53,67,11.480693446991
54,67,-6.941502671977243
56,67,-0.278575620527206
58,67,-0.1669080531035785
65,67,-5.54179600062832
66,67,-5.241639333918743
67,67,39.72401602246471
68,67,-22.43473900853134
70,67,-5.279025309006255
72,67,-1.9671138428808
50,68,-0.4834761306365434
53,68,-7.177125812519639
54,68,8.271645243555513
55,68,-0.271030366178494
64,68,-4.595004272357056
67,68,-22.10532533480277
68,68,31.50959706319255
69,68,-4.999956168798516
25,69,0.007511552001147188
26,69,1.55453881382438
27,69,1.320253101664268
28,69,14.43826529655521
29,69,11.60530600793312
46,69,1000
54,69,0.2390664888206175
55,69,8.494053933792333
60,69,-2.278349872876929
61,69,-1.835949973962746
62,69,-3.683613962447866
68,69,-4.410287977637304
69,69,21.31041460518341
74,69,-4.524419918623332
75,69,-3.593188614400072
76,69,-6.806582935418899
96,69,0.5655688400645588
97,69,-1.642285264397824
53,70,0.2645406154221752
56,70,-1.239419891181697e-13
57,70,0.04417069494324233
58,70,-0.3087113103652936
67,70,-5.013061090668444
70,70,21.13570301431356
71,70,-6.456062026804148
72,70,-9.666579896840966
19,71,0.002942496713053578
20,71,1.770584972604595
21,71,0.1741948665830474
22,71,16.44486154814474
23,71,1.53120998478171
42,71,1000
56,71,-0.04199191564146432
57,71,0.04199191564146433
70,71,-6.137608030708527
71,71,6.774816502097547
92,71,0.01435389047667848
93,71,-2.050369349838417
53,72,0.1610616698231196
56,72,0.3137026549291524
58,72,6.106139977344771
59,72,-4.179691301892844
63,72,-1.582899324413812
67,72,-1.898210627799616
70,72,-9.82287229494621
72,72,26.08294376504028
73,72,-11.10590906276156
77,72,-3.194080933013616
58,73,-4.152613218974468
59,73,6.33086353492622
60,73,-2.01943787130463
72,73,-11.02802342102759
73,73,15.90987358840002
74,73,-4.94979222439962
55,74,-2.197794122222133
59,74,-2.092054926295559
60,74,4.337702848781063
69,74,-4.862350345502133
73,74,-4.683755695717877
74,74,9.515488940867737
55,75,-1.702813012327063
61,75,4.695657946832788
62,75,-2.818850339243828
69,75,-3.77812553445928
75,75,6.241580207081998
76,75,-2.541576213390674
55,76,-3.455535572959782
61,76,-2.845919321399036
62,76,7.817960829907211
63,76,-1.288936642149674
69,76,-7.270592478050237
75,76,-2.583803957415049
76,76,12.15659810641148
77,76,-2.425681145333066
58,77,-1.448240702775405
62,77,-1.201553569030157
63,77,2.949747878016081
72,77,-3.253384259463942
76,77,-2.657307117938347
77,77,5.766167733811207
3,78,0.1351351351351351
78,78,-1
2,79,0.01579269871952799
79,79,-1
2,80,-0.01579269871952799
50,80,-1
80,80,-1
64,81,-1
81,81,-1
8,82,0.1639344262295082
82,82,-1
7,83,0.127420998980632
83,83,-1
7,84,-0.127420998980632
52,84,-1
84,84,-1
66,85,-1
85,85,-1
14,86,0.1639344262295082
86,86,-1
13,87,0.127420998980632
87,87,-1
13,88,-0.127420998980632
51,88,-1
88,88,-1
65,89,-1
89,89,-1
20,90,0.2105263157894737
90,90,-1
19,91,0.3952569169960475
91,91,-1
19,92,-0.3952569169960475
57,92,-1
92,92,-1
71,93,-1
93,93,-1
26,94,0.2105263157894737
94,94,-1
25,95,0.3952569169960475
95,95,-1
25,96,-0.3952569169960475
55,96,-1
96,96,-1
69,97,-1
97,97,-1
31,98,10000
98,98,-1
35,99,1000
99,99,-1
39,100,1000
100,100,-1
43,101,1000
101,101,-1
47,102,1000
102,102,-1
