# Unlabeled matrix
# 1 102 102
3,1,-0.05939949611147388
4,1,-18.24916292894366
5,1,18.71141090916946
80,1,18.3065117999746
81,1,0.3523336812275464
1,2,314.1592653589793
2,2,-0.1942501942501942
3,3,-0.1351351351351351
4,3,33.33333333333334
3,4,-0.1747573720900689
4,4,-87.02361633372502
80,4,9.088548627673726
81,4,26.84680695663445
5,5,-48.93939393939393
80,5,-15.43691400006481
81,5,5.225915460912391
7,6,8.687795805848517e-05
8,6,0.02783392909625929
9,6,14.13444432881438
10,6,0.2907914897802664
11,6,23.83341364762521
84,6,5.305336613680962
85,6,-0.1122075553487058
6,7,314.1592653589793
7,7,-0.1529051987767584
8,8,-0.1639344262295081
10,8,25
9,9,-3.333333333333334
11,9,10.1010101010101
7,10,-0.003607326209571031
8,10,-1.085151135027099
9,10,0.333727717880871
10,10,-36.33698063611455
11,10,0.562729638385434
84,10,0.1038764161694592
85,10,4.659055810781566
7,11,-8.042748012101825e-05
8,11,-0.02587668091218466
9,11,-13.99503333048814
10,11,-0.2703433843996547
11,11,-33.69934977523798
84,11,-4.659055810781566
85,11,0.1038764161694592
13,12,-0.002291314365336916
14,12,-0.2430964069949692
15,12,14.28906374963281
16,12,-2.539719279510466
17,12,24.09413197008584
88,12,5.990810677546111
89,12,-0.5201190624739418
12,13,314.1592653589793
13,13,-0.1529051987767584
14,14,-0.1639344262295081
16,14,25
15,15,-3.333333333333334
17,15,10.1010101010101
13,16,-0.005958158589364842
14,16,-1.085151135027099
15,16,0.333727717880871
16,16,-36.33698063611455
17,16,0.562729638385434
88,16,1.256667496300774
89,16,4.655065800302863
13,17,0.0008002635440827673
14,17,-0.02587668091218466
15,17,-13.99503333048814
16,17,-0.2703433843996547
17,17,-33.69934977523798
88,17,-4.655065800302863
89,17,1.256667496300774
19,18,3.657023294264272e-05
20,18,0.02385302427329157
21,18,2.985771583426497
22,18,0.2215424211478467
23,18,26.24556825640164
92,18,2.814797004152794
93,18,-0.02887350055131393
18,19,314.1592653589793
19,19,-0.1976284584980237
20,20,-0.2105263157894735
22,20,16.66666666666667
21,21,-0.6666666666666666
23,21,4.761904761904762
19,22,-0.002875793712643639
20,22,-1.774054707454313
21,22,0.03195805626585881
22,22,-33.14375446212246
23,22,0.2809181223785902
92,22,0.02497127529387626
93,22,2.270541494163064
19,23,-3.162780185758802e-05
20,23,-0.02069730492030032
21,23,-2.73926196564504
22,23,-0.1922326909469843
23,23,-28.84060096578392
92,23,-2.270541494163064
93,23,0.02497127529387626
25,24,4.769488736339712e-05
26,24,0.02357058418363575
27,24,2.930983817306306
28,24,0.2189191705036243
29,24,25.76397212114972
96,24,2.828214501157727
97,24,-0.02782364344853438
24,25,314.1592653589793
25,25,-0.1976284584980237
26,26,-0.2105263157894735
28,26,16.66666666666667
27,27,-0.6666666666666666
29,27,4.761904761904762
25,28,-0.003820717609957268
26,28,-1.774054707454313
27,28,0.03195805626585881
28,28,-33.14375446212246
29,28,0.2809181223785902
96,28,0.02433081653593145
97,28,2.228882179486587
25,29,-4.170753396431828e-05
26,29,-0.02069730492030032
27,29,-2.73926196564504
28,29,-0.1922326909469843
29,29,-28.84060096578392
96,29,-2.228882179486587
97,29,0.02433081653593145
30,30,-1000
31,30,-10000
31,31,-50
33,31,5
31,32,-10000
32,32,-1
31,33,-20
32,33,-0.002
33,33,-5.016573201746802
78,33,1
34,34,-1000
35,34,-1000
35,35,-50
37,35,0.5050505050505051
35,36,-1000
36,36,-1
35,37,-1
36,37,-0.001
37,37,-0.517221277546666
86,37,1
38,38,-1000
39,38,-1000
39,39,-50
41,39,0.5050505050505051
39,40,-1000
40,40,-1
39,41,-1
40,41,-0.001
41,41,-0.5105018557062826
82,41,1
42,42,-1000
43,42,-1000
43,43,-50
45,43,1.428571428571429
43,44,-1000
44,44,-1
43,45,-1
44,45,-0.001
45,45,-1.460052226006763
90,45,1
46,46,-1000
47,46,-1000
47,47,-50
49,47,1.428571428571429
47,48,-1000
48,48,-1
47,49,-1
48,49,-0.001
49,49,-1.484024156008484
94,49,1
3,50,0.05939949611147388
4,50,18.24916292894366
5,50,-18.71141090916946
50,50,22.13246347877948
51,50,-16.00066328441348
54,50,-4.139827526116195
64,50,-3.243868620380251
65,50,7.777343898263332
68,50,2.07643213841432
80,50,-18.3065117999746
81,50,-0.3523336812275464
13,51,0.002291314365336916
14,51,0.2430964069949692
15,51,-14.28906374963281
16,51,2.539719279510466
17,51,-24.09413197008584
50,51,-17.50132844393622
51,51,32.28061831277737
52,51,-4.715592226889386
53,51,-5.061766115528963
54,51,-5.257068354707044
64,51,3.195591705850528
65,51,-10.30132341610001
66,51,2.161174176313121
67,51,2.428755753749946
68,51,2.271382904557674
88,51,-5.990810677546111
89,51,0.5201190624739418
7,52,-8.687795805848517e-05
8,52,-0.02783392909625929
9,52,-14.13444432881438
10,52,-0.2907914897802664
11,52,-23.83341364762521
51,52,-5.183814822756775
52,52,9.674832393796947
53,52,-5.229820907884377
65,52,0.1885411202614767
66,52,-4.502526899767837
67,52,1.650747975965313
84,52,-5.305336613680962
85,52,0.1122075553487058
51,53,-5.513956785656379
52,53,-4.959240166907561
53,53,38.49090321679057
54,53,-21.82313564348558
56,53,-5.03319417317817
58,53,-1.858616010302038
65,53,1.056698294502551
66,53,2.341352723454716
67,53,-11.12769473857197
68,53,6.023558285004262
70,53,0.3841723883861832
72,53,0.2176491102643123
50,54,-4.631135034843261
51,54,-5.58218341995073
53,54,-21.30750600989702
54,54,35.74199247261466
55,54,-4.521960948305841
64,54,0.04827691452972319
65,54,1.278740103072647
67,54,7.650012507507203
68,54,-9.726140101121839
69,54,0.6452332268544171
25,55,-4.769488736339712e-05
26,55,-0.02357058418363575
27,55,-2.930983817306306
28,55,-0.2189191705036243
29,55,-25.76397212114972
54,55,-4.521960948305841
55,55,15.87891307351627
60,55,-4.508103250162342
62,55,-6.583357472969836
68,55,-0.6452332268544174
69,55,-5.943074186635754
74,55,2.216744866550306
76,55,3.610144550930994
96,55,-2.828214501157727
97,55,0.02782364344853438
53,56,-5.03319417317817
56,56,20.94405520495096
57,56,-6.404892428945734
58,56,-9.505968602827053
67,56,-0.3841723883861834
70,56,1.776356839400251e-15
72,56,0.3841723883861841
19,57,-3.657023294264272e-05
20,57,-0.02385302427329157
21,57,-2.985771583426497
22,57,-0.2215424211478467
23,57,-26.24556825640164
56,57,-6.404892428945736
57,57,6.404892428945734
70,57,-4.440892098500626e-16
92,57,-2.814797004152794
93,57,0.02887350055131393
53,58,-1.858616010302038
56,58,-9.505968602827053
58,58,25.05934263430084
59,58,-10.57355957511374
63,58,-2.983313399329039
67,58,-0.2176491102643123
70,58,-0.3841723883861832
72,58,-5.858470121101793
73,58,4.038981270645606
77,58,1.53140873507168
58,59,-10.61218196235619
59,59,15.16698045808909
60,59,-4.616542918601244
72,59,3.936384863164081
73,59,-6.033237366555063
74,59,1.940129960837349
55,60,-4.557881824805332
59,60,-4.593420882975345
60,60,9.124646168763587
69,60,2.112502304995342
73,60,1.994256095909458
74,60,-4.156874827387656
61,61,2.282669694586227
62,61,-2.343009345459045
75,61,-2.583592820332146
76,61,2.528999802875787
55,62,-6.799070300405099
61,62,-2.282669694586227
62,62,11.29569390857639
63,62,-2.333307896004883
69,62,3.185338654785994
75,62,2.583592820332146
76,62,-7.2573255585368
77,62,1.191517657930255
58,63,-3.082576058815551
62,63,-2.369327090147508
63,63,5.316621295333921
72,63,1.320263759287217
76,63,1.118181204730019
77,63,-2.722926393001935
3,64,0.1655293464538561
4,64,50.85517909594649
5,64,5.975889606532178
30,64,1000
50,64,9.712808182775564
51,64,-7.337116885154086
54,64,-1.958898243787095
64,64,20.34810630854004
65,64,-15.09496536265423
68,64,-3.905497666147354
80,64,-0.3323902653090038
81,64,-27.37068410995014
13,65,0.00559753356325606
14,65,1.060238999771447
15,65,3.000170646400742
16,65,11.07671422171271
17,65,5.058869409062214
34,65,1000
50,65,-3.057982493636868
51,65,10.04184058956938
52,65,-2.068109259629781
53,65,-2.324168185406647
54,65,-2.173572157471459
64,65,-16.74768272147007
65,65,32.37525134346991
66,65,-4.512528446784103
67,65,-4.843795325865037
68,65,-5.030687420772291
88,65,0.2678286483502941
89,65,-3.907838599423385
7,66,0.003607197236539272
8,66,1.085109729958784
9,66,-0.3554158985912422
10,66,11.33654806184672
11,66,-0.5993001161566024
38,66,1000
51,66,-0.1866743764965115
52,66,1.846462276997862
53,66,-1.63440393659932
65,66,-5.132489923521558
66,66,10.24014788723393
67,66,-5.178040502855819
84,66,-0.1110965894541607
85,66,-4.064969941952116
51,67,-1.059447721108075
52,67,-2.347444696446697
53,67,9.814765535244575
54,67,-6.039231000191627
56,67,-0.3851719677280181
58,67,-0.2182154121667024
65,67,-5.528303567104842
66,67,-4.972143629446502
67,67,38.4787614053994
68,67,-21.87991732853826
70,67,-5.046290056877894
72,67,-1.863451949126546
50,68,-0.04814695471172228
51,68,-1.275297778046606
53,68,-7.629418933065575
54,68,9.487730511938977
55,68,-0.64349628087212
64,68,-4.618668176260263
65,68,-5.56715637134228
67,68,-21.25014692574525
68,68,35.6010968401147
69,68,-4.509787982664324
25,69,0.00382068523605595
26,69,1.774038676294122
27,69,-0.03401364133357092
28,69,16.476938901043
29,69,-0.2989871530107207
46,69,1000
54,69,0.6030217073405768
55,69,5.261190828631554
60,69,-2.071724174346081
62,69,-3.373966870028966
68,69,-4.226131727388636
69,69,15.47249965188055
74,69,-4.213180607628357
76,69,-6.152670535485828
96,69,-0.02600340509208118
97,69,-1.814535464637203
53,70,0.371157379695702
56,70,1.130926311994968e-15
57,70,-2.220446049250313e-16
58,70,-0.3711573796957022
67,70,-4.862679404586979
70,70,20.23451160226927
71,70,-6.18790720787219
72,70,-9.183924989810098
19,71,0.00287577192209516
20,71,1.774040471783879
21,71,-0.03378963584261457
22,71,16.47695557721552
23,71,-0.297018097026888
42,71,1000
57,71,2.636779683484747e-16
70,71,-5.876048099950216
71,71,6.499764665685798
92,71,-0.02648945004707685
93,71,-1.958666006881658
53,72,0.2152494406038152
56,72,0.3799367320874216
58,72,4.976985098202773
59,72,-3.994449865014248
63,72,-1.514524333040774
67,72,-1.838124015434613
70,72,-9.401161445921426
72,72,24.32337783283824
73,72,-10.45698179501142
77,72,-2.950421159873383
58,73,-3.894748972521494
59,73,5.720088120447239
60,73,-1.919608837601219
72,73,-10.49993489734012
73,73,14.84587415959247
74,73,-4.567712866970778
55,74,-2.041375898468401
59,74,-1.927110952701294
60,74,3.922215482528208
69,74,-4.404421279552304
73,74,-4.438763763643792
74,74,8.768722941452152
61,75,2.408361340724005
62,75,-2.524354890572917
75,75,2.233759489253358
76,75,-2.338706034354756
55,76,-3.107003519410826
61,76,-2.52005606167983
62,76,6.710146404506149
63,76,-1.162215374201136
69,76,-6.6318648161131
75,76,-2.226533359043526
76,76,10.8594994458779
77,76,-2.275926245350293
58,77,-1.332461392092546
62,77,-1.128511840293689
63,77,2.32702850304893
72,77,-3.111055315778744
76,77,-2.391216793351163
77,77,5.224446985684477
3,78,0.1351351351351351
78,78,-1
2,79,0.01579269871952799
79,79,-1
2,80,-0.01579269871952799
50,80,-1
80,80,-1
64,81,-1
81,81,-1
8,82,0.1639344262295082
82,82,-1
7,83,0.127420998980632
83,83,-1
7,84,-0.127420998980632
52,84,-1
84,84,-1
66,85,-1
85,85,-1
14,86,0.1639344262295082
86,86,-1
13,87,0.127420998980632
87,87,-1
13,88,-0.127420998980632
51,88,-1
88,88,-1
65,89,-1
89,89,-1
20,90,0.2105263157894737
90,90,-1
19,91,0.3952569169960475
91,91,-1
19,92,-0.3952569169960475
57,92,-1
92,92,-1
71,93,-1
93,93,-1
26,94,0.2105263157894737
94,94,-1
25,95,0.3952569169960475
95,95,-1
25,96,-0.3952569169960475
55,96,-1
96,96,-1
69,97,-1
97,97,-1
31,98,10000
98,98,-1
35,99,1000
99,99,-1
39,100,1000
100,100,-1
43,101,1000
101,101,-1
47,102,1000
102,102,-1
