# Unlabeled matrix
# 1 102 102
3,1,-0.05895241185701956
4,1,-18.11180631926484
5,1,18.73076285980079
80,1,18.29203648312053
81,1,0.3561949207640492
1,2,376.9911184307751
2,2,-0.1942501942501942
3,3,-0.1351351351351351
4,3,33.33333333333334
3,4,-0.1747573720900689
4,4,-87.02361633372502
80,4,9.020141532440968
81,4,26.87457279884462
5,5,-48.93939393939393
80,5,-15.45287935933565
81,5,5.186581381153556
7,6,9.180667256354835e-05
8,6,0.02915778116842982
9,6,14.12842953498611
10,6,0.3046222685748742
11,6,23.8232715390301
84,6,5.305453247053167
85,6,-0.1113988315944261
6,7,376.9911184307751
7,7,-0.1529051987767584
8,8,-0.1639344262295081
10,8,25
9,9,-3.333333333333333
11,9,10.1010101010101
7,10,-0.00363174878110277
8,10,-1.085151135027099
9,10,0.333727717880871
10,10,-36.33698063611455
11,10,0.562729638385434
84,10,0.0981608855704308
85,10,4.657343821350103
7,11,-8.08805206931952e-05
8,11,-0.02587668091218466
9,11,-13.99503333048814
10,11,-0.2703433843996547
11,11,-33.69934977523798
84,11,-4.657343821350103
85,11,0.0981608855704308
13,12,-0.002285412675194141
14,12,-0.2427446047408892
15,12,14.29076611992216
16,12,-2.53604386950212
17,12,24.09700249646408
88,12,5.988340845100057
89,12,-0.5190884625651345
12,13,376.9911184307751
13,13,-0.1529051987767584
14,14,-0.1639344262295081
16,14,25
15,15,-3.333333333333333
17,15,10.1010101010101
13,16,-0.00593950251861453
14,16,-1.085151135027099
15,16,0.333727717880871
16,16,-36.33698063611455
17,16,0.562729638385434
88,16,1.255200499661826
89,16,4.655697544137274
13,17,0.000800788579906869
14,17,-0.02587668091218466
15,17,-13.99503333048814
16,17,-0.2703433843996547
17,17,-33.69934977523798
88,17,-4.655697544137274
89,17,1.255200499661826
19,18,4.392898708932348e-05
20,18,0.02605695292193427
21,18,2.968630872490815
22,18,0.2420120975822985
23,18,26.09489775591098
92,18,2.807118094062329
93,18,-0.02798590546435988
18,19,376.9911184307751
19,19,-0.1976284584980237
20,20,-0.2105263157894735
22,20,16.66666666666667
21,21,-0.6666666666666666
23,21,4.761904761904762
19,22,-0.003067438037284626
20,22,-1.774054707454313
21,22,0.03195805626585881
22,22,-33.14375446212246
23,22,0.2809181223785902
92,22,0.02208008550328917
93,22,2.257570899422134
19,23,-3.4748799857323e-05
20,23,-0.02069730492030032
21,23,-2.73926196564504
22,23,-0.1922326909469843
23,23,-28.84060096578392
92,23,-2.257570899422134
93,23,0.02208008550328917
25,24,4.473463958751475e-05
26,24,0.02503025441888257
27,24,2.967871986700504
28,24,0.2324763142137456
29,24,26.088226988154
96,24,2.836525278029063
97,24,-0.02824162163777024
24,25,376.9911184307751
25,25,-0.1976284584980237
26,26,-0.2105263157894735
28,26,16.66666666666667
27,27,-0.6666666666666666
29,27,4.761904761904762
25,28,-0.0033294742972683
26,28,-1.774054707454313
27,28,0.03195805626585881
28,28,-33.14375446212246
29,28,0.2809181223785902
96,28,0.02327181701533262
97,28,2.256965842833506
25,29,-3.677539800279141e-05
26,29,-0.02069730492030032
27,29,-2.73926196564504
28,29,-0.1922326909469843
29,29,-28.84060096578392
96,29,-2.256965842833506
97,29,0.02327181701533262
30,30,-1000
31,30,-10000
31,31,-50
33,31,5
31,32,-10000
32,32,-1
31,33,-20
32,33,-0.002
33,33,-5.015731263472903
78,33,1
34,34,-1000
35,34,-1000
35,35,-50
37,35,0.5050505050505051
35,36,-1000
36,36,-1
35,37,-1
36,37,-0.001
37,37,-0.5171431567189828
86,37,1
38,38,-1000
39,38,-1000
39,39,-50
41,39,0.5050505050505051
39,40,-1000
40,40,-1
39,41,-1
40,41,-0.001
41,41,-0.5105496023116671
82,41,1
42,42,-1000
43,42,-1000
43,43,-50
45,43,1.428571428571429
43,44,-1000
44,44,-1
43,45,-1
44,45,-0.001
45,45,-1.463830721554506
90,45,1
46,46,-1000
47,46,-1000
47,47,-50
49,47,1.428571428571429
47,48,-1000
48,48,-1
47,49,-1
48,49,-0.001
49,49,-1.470095592023067
94,49,1
3,50,0.05895241185701956
4,50,18.11180631926484
5,50,-18.73076285980079
50,50,22.139564506067
51,50,-16.01189058428494
54,50,-4.151655345139073
64,50,-3.275069971738674
65,50,7.76255150198325
68,50,2.068311505866648
80,50,-18.29203648312053
81,50,-0.3561949207640492
13,51,0.002285412675194141
14,51,0.2427446047408892
15,51,-14.29076611992216
16,51,2.53604386950212
17,51,-24.09700249646408
50,51,-17.50162913027581
51,51,32.28670495827974
52,51,-4.714593912266514
53,51,-5.057116038324946
54,51,-5.268200643659892
64,51,3.214159873176242
65,51,-10.30337668841682
66,51,2.159036174213198
67,51,2.420104774715018
68,51,2.265668001288307
88,51,-5.988340845100057
89,51,0.5190884625651345
7,52,-9.180667256354835e-05
8,52,-0.02915778116842982
9,52,-14.12842953498611
10,52,-0.3046222685748742
11,52,-23.8232715390301
51,52,-5.181962180387357
52,52,9.662917687548141
53,52,-5.221342827877261
65,52,0.1900024215023408
66,52,-4.499701153618588
67,52,1.643836915453275
84,52,-5.305453247053167
85,52,0.1113988315944261
51,53,-5.505074344959711
52,53,-4.948323775281627
53,53,38.378546888805
54,53,-21.8244592046858
56,53,-4.975880152755708
58,53,-1.824235572842924
65,53,1.060889344912202
66,53,2.340664979405389
67,53,-11.09467307456497
68,53,6.008604611287339
70,53,0.4039265715505214
72,53,0.228339440544156
50,54,-4.637935375791183
51,54,-5.587777848647731
53,54,-21.29997229700416
54,54,35.83803351613997
55,54,-4.593718322655205
64,54,0.06091009856243135
65,54,1.289933420019026
67,54,7.662997396491356
68,54,-9.752230891671761
69,54,0.5903532267705298
25,55,-4.473463958751475e-05
26,55,-0.02503025441888257
27,55,-2.967871986700504
28,55,-0.2324763142137456
29,55,-26.088226988154
54,55,-4.593718322655205
55,55,15.26695502820085
61,55,-3.597654447357877
62,55,-6.820468324174523
68,55,-0.5903532267705296
69,55,-5.590308248599015
75,55,1.831067671032243
76,55,3.680245322591113
96,55,-2.836525278029063
97,55,0.02824162163777024
53,56,-4.975880152755708
56,56,20.54527367871362
57,56,-6.307305681611698
58,56,-9.262087844346214
67,56,-0.4039265715505209
70,56,-3.552713678800501e-15
71,56,0.0005579323537663328
72,56,0.4033686391967497
19,57,-4.392898708932348e-05
20,57,-0.02605695292193427
21,57,-2.968630872490815
22,57,-0.2420120975822985
23,57,-26.09489775591098
56,57,-6.307305681611698
57,57,6.307305681611698
70,57,-0.0005579323537663328
71,57,-0.0005579323537663328
92,57,-2.807118094062329
93,57,0.02798590546435988
53,58,-1.824235572842924
56,58,-9.262087844346214
58,58,24.25737480993059
59,58,-10.07467874815331
63,58,-2.954214299032556
67,58,-0.228339440544156
70,58,-0.4033686391967493
72,58,-5.669781480244827
73,58,3.91715450236502
77,58,1.466777427246599
58,59,-10.15680927810802
59,59,14.28936137437458
60,59,-4.190300342600414
72,59,3.698983179473711
73,59,-5.683870334674358
74,59,1.823792068934059
59,60,-4.214682626221271
60,60,4.190300342600414
73,60,1.766715832309339
74,60,-1.823792068934059
55,61,-3.677669199555775
61,61,6.091899420921592
62,61,-2.482874276997665
69,61,1.66453464882295
75,61,-4.576437054537537
76,61,2.755657156588864
55,62,-6.995567505989875
61,62,-2.494244973563716
62,62,11.73558360551394
63,62,-2.358123867338255
69,62,3.335420373005535
75,62,2.745369383505295
76,62,-7.536843515208014
77,62,1.251846354111221
58,63,-3.014242114633434
62,63,-2.432241004341757
63,63,5.312338166370811
72,63,1.33909022103021
76,63,1.100941036028036
77,63,-2.718623781357821
3,64,0.1656744712053158
4,64,50.89976542087828
5,64,5.929977509129522
30,64,1000
50,64,9.685869084711536
51,64,-7.32200957834684
54,64,-1.950930264757842
64,64,20.35118120318241
65,64,-15.1031804678684
68,64,-3.916039744836045
80,64,-0.335980073166215
81,64,-27.39408005844314
13,65,0.005580004051652462
14,65,1.060315213543098
15,65,2.995687334916976
16,65,11.07751045555105
17,65,5.051309676637084
34,65,1000
50,65,-3.075605749321283
51,65,10.62274474882591
52,65,-2.06596570563266
53,65,-2.315780313602731
54,65,-2.168000910275031
64,65,-16.74717913840794
65,65,32.71417915124449
66,65,-4.511359955456362
67,65,-4.839116838045412
68,65,-5.04110213167669
88,65,0.266808095526669
89,65,-3.910928364667582
7,66,0.003631510975363295
8,66,1.085075346318221
9,66,-0.37246708032764
10,66,11.33618884306633
11,66,-0.6280517145958805
38,66,1000
51,66,-0.18819533339189
52,66,4.455478085671405
53,66,-1.628202598153795
65,66,-5.13267721774875
66,66,10.7668939966406
67,66,-5.17168332106549
84,66,-0.1117663323677845
85,66,-4.059114725232748
51,67,-1.065204856886404
52,67,-2.350186394428229
53,67,11.13980426070877
54,67,-6.033046562064401
56,67,-0.4055696740706702
58,67,-0.2292682853804027
65,67,-5.527468022838066
66,67,-4.9684526893921
67,67,38.53466409315376
68,67,-21.91323728081596
70,67,-4.996121161381529
72,67,-1.831656243524671
50,68,-0.0606646720496351
51,68,-1.284735860525841
53,68,-7.632120698325184
54,68,9.712935995156842
55,68,-0.5879745024344407
64,68,-4.619247632170379
65,68,-5.565262882098047
67,68,-21.21414781064018
68,68,35.69363047298433
69,68,-4.575208743861143
25,69,0.003329421393792707
26,69,1.774025024874615
27,69,-0.03567080903612471
28,69,16.47681210921589
29,69,-0.3135540101310388
46,69,1000
54,69,0.544870227086476
55,69,5.159080003588939
61,69,-1.689995434062135
62,69,-3.39670558865871
68,69,-4.239801244635792
69,69,14.81284552279018
75,69,-3.320477820429545
76,69,-6.294994176551869
96,69,-0.02659596948841411
97,69,-1.895875592314685
53,70,0.394011408913548
56,70,-5.604747010613219e-15
57,70,-0.0005442368199304326
58,70,-0.3934671720936134
67,70,-4.853737504929214
70,70,20.04095001126188
71,70,-6.152480606860553
72,70,-9.034731899472119
19,71,0.003067367046157816
20,71,1.77401251750613
21,71,-0.03712421053144355
22,71,16.47669594312036
23,71,-0.3263297188828688
42,71,1000
56,71,0.0005148119101625603
57,71,-0.0005148119101621718
70,71,-5.819838308374749
71,71,6.485121312827236
92,71,-0.02685260639604659
93,71,-1.924883739421148
53,72,0.2295207935479271
56,72,0.4054555355840166
58,72,5.699115060840628
59,72,-3.937420568650263
63,72,-1.474366050199392
67,72,-1.833673566421379
70,72,-9.310006834031189
72,72,24.38287447186819
73,72,-10.12680181534133
77,72,-2.969498430094751
58,73,-3.770543810760413
59,73,5.793830647972944
60,73,-1.85907520093445
72,73,-10.35330319239055
73,73,14.56580375624545
74,73,-4.271366009365632
59,74,-1.81581394766817
60,74,1.874476367876462
73,74,-4.331811238530464
74,74,4.30675135630997
55,75,-1.574168440523772
61,75,4.327986074901348
62,75,-2.606054810498009
69,75,-3.478011582829359
75,75,5.761175243808243
76,75,-2.348081087649218
55,76,-3.191587312733598
61,76,-2.626981043851835
62,76,7.211832827992527
63,76,-1.197863086047222
69,76,-6.693898219902628
75,76,-2.386685851325612
76,76,11.22951099238266
77,76,-2.256434684444068
58,77,-1.351897758362763
62,77,-1.111470829464225
63,77,2.744625670570423
72,77,-3.043071403210287
76,77,-2.455503826350052
77,77,5.363147266699088
3,78,0.1351351351351351
78,78,-1
2,79,0.01579269871952799
79,79,-1
2,80,-0.01579269871952799
50,80,-1
80,80,-1
64,81,-1
81,81,-1
8,82,0.1639344262295082
82,82,-1
7,83,0.127420998980632
83,83,-1
7,84,-0.127420998980632
52,84,-1
84,84,-1
66,85,-1
85,85,-1
14,86,0.1639344262295082
86,86,-1
13,87,0.127420998980632
87,87,-1
13,88,-0.127420998980632
51,88,-1
88,88,-1
65,89,-1
89,89,-1
20,90,0.2105263157894737
90,90,-1
19,91,0.3952569169960475
91,91,-1
19,92,-0.3952569169960475
57,92,-1
92,92,-1
71,93,-1
93,93,-1
26,94,0.2105263157894737
94,94,-1
25,95,0.3952569169960475
95,95,-1
25,96,-0.3952569169960475
55,96,-1
96,96,-1
69,97,-1
97,97,-1
31,98,10000
98,98,-1
35,99,1000
99,99,-1
39,100,1000
100,100,-1
43,101,1000
101,101,-1
47,102,1000
102,102,-1
