# Unlabeled matrix
# 1 102 102
3,1,-0.05930544782506485
4,1,-18.22026870232184
5,1,18.71490815858338
80,1,18.30220424186404
81,1,0.3532297221500954
1,2,376.9911184307751
2,2,-0.1942501942501942
3,3,-0.1351351351351351
4,3,33.33333333333334
3,4,-0.1747573720900689
4,4,-87.02361633372502
80,4,9.074158565798895
81,4,26.85182474927181
5,5,-48.93939393939393
80,5,-15.43979923083129
81,5,5.217641175334363
7,6,8.660822893262258e-05
8,6,0.02786700815989961
9,6,14.13437387996974
10,6,0.2911370791565717
11,6,23.83329485721391
84,6,5.302911924032914
85,6,-0.1121941462983077
6,7,376.9911184307751
7,7,-0.1529051987767584
8,8,-0.1639344262295081
10,8,25
9,9,-3.333333333333333
11,9,10.1010101010101
7,10,-0.003592999438363495
8,10,-1.085151135027099
9,10,0.333727717880871
10,10,-36.33698063611455
11,10,0.562729638385434
84,10,0.1037348566918038
85,10,4.659039319566107
7,11,-8.007415764675099e-05
8,11,-0.02587668091218466
9,11,-13.99503333048814
10,11,-0.2703433843996547
11,11,-33.69934977523798
84,11,-4.659039319566107
85,11,0.1037348566918038
13,12,-0.002291870342147929
14,12,-0.2438660711354519
15,12,14.28697695139365
16,12,-2.547760249266025
17,12,24.090613223648
88,12,5.985928290915765
89,12,-0.5200941770297139
12,13,376.9911184307751
13,13,-0.1529051987767584
14,14,-0.1639344262295081
16,14,25
15,15,-3.333333333333333
17,15,10.1010101010101
13,16,-0.005930878383233051
14,16,-1.085151135027099
15,16,0.333727717880871
16,16,-36.33698063611455
17,16,0.562729638385434
88,16,1.259902682224266
89,16,4.654222827862704
13,17,0.0008034926711430976
14,17,-0.02587668091218466
15,17,-13.99503333048814
16,17,-0.2703433843996547
17,17,-33.69934977523798
88,17,-4.654222827862704
89,17,1.259902682224266
19,18,3.613377127289969e-05
20,18,0.02391015727362148
21,18,2.985390825203594
22,18,0.2220730617523884
23,18,26.24222131051206
92,18,2.808865312289681
93,18,-0.02885162883635798
18,19,376.9911184307751
19,19,-0.1976284584980237
20,20,-0.2105263157894735
22,20,16.66666666666667
21,21,-0.6666666666666666
23,21,4.761904761904762
19,22,-0.002831294443413825
20,22,-1.774054707454313
21,22,0.03195805626585881
22,22,-33.14375446212246
23,22,0.2809181223785902
92,22,0.02489745432102904
93,22,2.270253593516823
19,23,-3.117324354193441e-05
20,23,-0.02069730492030032
21,23,-2.73926196564504
22,23,-0.1922326909469843
23,23,-28.84060096578392
92,23,-2.270253593516823
93,23,0.02489745432102904
25,24,4.774541038723523e-05
26,24,0.02361151572038944
27,24,2.931891429832484
28,24,0.2192993349494328
29,24,25.77195022859718
96,24,2.829415613066815
97,24,-0.02783217753587242
24,25,376.9911184307751
25,25,-0.1976284584980237
26,26,-0.2105263157894735
28,26,16.66666666666667
27,27,-0.6666666666666666
29,27,4.761904761904762
25,28,-0.003817145871733317
26,28,-1.774054707454313
27,28,0.03195805626585881
28,28,-33.14375446212246
29,28,0.2809181223785902
96,28,0.0242988710144505
97,28,2.229573299564473
25,29,-4.16760086862487e-05
26,29,-0.02069730492030032
27,29,-2.73926196564504
28,29,-0.1922326909469843
29,29,-28.84060096578392
96,29,-2.229573299564473
97,29,0.0242988710144505
30,30,-1000
31,30,-10000
31,31,-50
33,31,5
31,32,-10000
32,32,-1
31,33,-20
32,33,-0.002
33,33,-5.016533071529044
78,33,1
34,34,-1000
35,34,-1000
35,35,-50
37,35,0.5050505050505051
35,36,-1000
36,36,-1
35,37,-1
36,37,-0.001
37,37,-0.5171079531732181
86,37,1
38,38,-1000
39,38,-1000
39,39,-50
41,39,0.5050505050505051
39,40,-1000
40,40,-1
39,41,-1
40,41,-0.001
41,41,-0.5104746273142213
82,41,1
42,42,-1000
43,42,-1000
43,43,-50
45,43,1.428571428571429
43,44,-1000
44,44,-1
43,45,-1
44,45,-0.001
45,45,-1.459172986502534
90,45,1
46,46,-1000
47,46,-1000
47,47,-50
49,47,1.428571428571429
47,48,-1000
48,48,-1
47,49,-1
48,49,-0.001
49,49,-1.483922124897826
94,49,1
3,50,0.05930544782506485
4,50,18.22026870232184
5,50,-18.71490815858338
50,50,22.13301068302159
51,50,-16.00290812805185
54,50,-4.141670157873402
64,50,-3.250249502199078
65,50,7.773186269548381
68,50,2.07546764578503
80,50,-18.30220424186404
81,50,-0.3532297221500954
13,51,0.002291870342147929
14,51,0.2438660711354519
15,51,-14.28697695139365
16,51,2.547760249266025
17,51,-24.090613223648
50,51,-17.50067867079074
51,51,32.28598483414234
52,51,-4.716149013941219
53,51,-5.064482980872997
54,51,-5.258679330306157
64,51,3.200271769349187
65,51,-10.30148519311899
66,51,2.159985167838186
67,51,2.428132285161757
68,51,2.271460639175715
88,51,-5.985928290915765
89,51,0.5200941770297139
7,52,-8.660822893262258e-05
8,52,-0.02786700815989961
9,52,-14.13437387996974
10,52,-0.2911370791565717
11,52,-23.83329485721391
51,52,-5.183777878019895
52,52,9.67713081664871
53,52,-5.23188939498542
65,52,0.1898535180902514
66,52,-4.502501411544442
67,52,1.651077271802145
84,52,-5.302911924032914
85,52,0.1121941462983077
51,53,-5.515770587950746
52,53,-4.960981802707489
53,53,38.52026745214883
54,53,-21.83582085416955
56,53,-5.038991253333227
58,53,-1.862165437670585
65,53,1.058814940815714
66,53,2.342516243706256
67,53,-11.1356424036748
68,53,6.03200086685229
70,53,0.379124346848296
72,53,0.2148633560392382
50,54,-4.632332012230851
51,54,-5.583528240119852
53,54,-21.32273838528661
54,54,35.76037754153144
55,54,-4.524207199182332
64,54,0.0499777328498916
65,54,1.279630464664641
67,54,7.650420549598429
68,54,-9.731099179906394
69,54,0.6478299719066398
25,55,-4.774541038723523e-05
26,55,-0.02361151572038944
27,55,-2.931891429832484
28,55,-0.2192993349494328
29,55,-25.77195022859718
54,55,-4.524207199182332
55,55,19.52772279532883
60,55,-4.515229205243473
61,55,-3.554594578470344
62,55,-6.66713700539932
68,55,-0.6478299719066398
69,55,-7.694929833754628
74,55,2.214766137117038
75,55,1.783728408546569
76,55,3.58585496831875
96,55,-2.829415613066815
97,55,0.02783217753587242
53,56,-5.038991253333227
56,56,20.97285646028851
57,56,-6.40847988832391
58,56,-9.525385318631381
67,56,-0.379124346848296
71,56,1.453023144531995e-05
72,56,0.3791098166168507
19,57,-3.613377127289969e-05
20,57,-0.02391015727362148
21,57,-2.985390825203594
22,57,-0.2220730617523884
23,57,-26.24222131051206
56,57,-6.408479888323909
57,57,6.40847988832391
70,57,-1.453023144531995e-05
71,57,-1.453023144531995e-05
92,57,-2.808865312289681
93,57,0.02885162883635798
53,58,-1.862165437670585
56,58,-9.525385318631379
58,58,25.1252232621272
59,58,-10.59859694168654
63,58,-3.005244736479167
67,58,-0.2148633560392382
70,58,-0.3791098166168506
72,58,-5.872627465042347
73,58,4.053707948253814
77,58,1.531914148182486
58,59,-10.64071529707934
59,59,15.20314667132803
60,59,-4.623790361680192
72,59,3.941824860209411
73,59,-6.047346140593139
74,59,1.948597994951478
55,60,-4.560822484072118
59,60,-4.604549729641494
60,60,9.139019566923666
69,60,2.119288108489775
73,60,1.993638192339326
74,60,-4.163364132068515
55,61,-3.613803166705555
61,61,3.554594578470344
69,61,1.660498818143434
75,61,-1.783728408546569
55,62,-6.828889945368827
62,62,9.069449989375112
63,62,-2.359061955072177
69,62,3.26731293521478
76,62,-4.711099089326877
77,62,1.213304865634795
58,63,-3.09695720874589
62,63,-2.402312983975793
63,63,5.364306691551343
72,63,1.336829432176849
76,63,1.125244121008127
77,63,-2.745219013817281
3,64,0.1655594514415543
4,64,50.86442817820214
5,64,5.966397846246133
30,64,1000
50,64,9.706868197796851
51,64,-7.333157688188174
54,64,-1.957978491123764
64,64,20.34790264967181
65,64,-15.09700716066984
68,64,-3.907216334070101
80,64,-0.3332339098612698
81,64,-27.37505940519312
13,65,0.005568747864565505
14,65,1.060077455749205
15,65,3.009650408776801
16,65,11.07502651076359
17,65,5.074854126447193
34,65,1000
50,65,-3.062441653372132
51,65,10.62331307861187
52,65,-2.066958378975063
53,65,-2.32355686826223
54,65,-2.173632796448915
64,65,-16.74695500457759
65,65,32.71100071961108
66,65,-4.513032712450115
67,65,-4.846364543775541
68,65,-5.03219719559369
88,65,0.2678002325402229
89,65,-3.912607947303056
7,66,0.003592868434349982
8,66,1.085108894722027
9,66,-0.3558397901304073
10,66,11.33653933581526
11,66,-0.6000148794794206
38,66,1000
51,66,-0.1879745725013057
52,66,4.457916297695526
53,66,-1.634736861637156
65,66,-5.132474975255938
66,66,10.76447876656883
67,66,-5.180110341326346
84,66,-0.1111084611546359
85,66,-4.067309227437827
51,67,-1.061164537336689
52,67,-2.347714477887103
53,67,11.16035330039706
54,67,-6.04538636766545
56,67,-0.3799656546274301
58,67,-0.215340155312061
65,67,-5.528010531763742
66,67,-4.971990625056824
67,67,38.60574706043888
68,67,-21.88427631766355
70,67,-5.050173185001979
72,67,-1.866297734321461
50,68,-0.0498303733595058
51,68,-1.275857470525013
53,68,-7.627863262399973
54,68,9.702407005726593
55,68,-0.6459198433539248
64,68,-4.618673567845859
65,68,-5.567065190895757
67,68,-21.25986822926104
68,68,35.65493796454351
69,68,-4.510867561122483
25,69,0.003817112733095716
26,69,1.774038285895118
27,69,-0.03406215254674462
28,69,16.47693527509018
29,69,-0.2994135769085227
46,69,1000
54,69,0.6052610126718021
55,69,7.189279099042318
60,69,-2.069233677221494
61,69,-1.666519472248105
62,69,-3.35022815173423
68,69,-4.226921182505557
69,69,19.07243558924641
74,69,-4.218533133266029
75,69,-3.321021884601395
76,69,-6.229038899872299
96,69,-0.02601960320826921
97,69,-1.815613467334303
53,70,0.366028769826705
56,70,1.184449047023665e-16
57,70,-1.402833340946597e-05
58,70,-0.3660147414932957
67,70,-4.864936227277214
70,70,20.24841958510049
71,70,-6.187120477706992
72,70,-9.196362880116283
19,71,0.002831271936414291
20,71,1.774039789950192
21,71,-0.03387487596322079
22,71,16.47694924447196
23,71,-0.2977673758451246
42,71,1000
56,71,1.333218261745373e-05
57,71,-1.333218261739821e-05
70,71,-5.880086940985278
71,71,6.494152364561939
92,71,-0.02649941436261252
93,71,-1.963202903639826
53,72,0.2122122224040634
56,72,0.3744320958328825
58,72,5.800166899935183
59,72,-4.003690478142118
63,72,-1.513012325185245
67,72,-1.839188744403414
70,72,-9.407854484748228
72,72,24.81521076995828
73,72,-10.46782407582552
77,72,-2.968163935221659
58,73,-3.895458896241694
59,73,5.976213849535399
60,73,-1.925677487920963
72,73,-10.51555321110354
73,73,15.02431869805241
74,73,-4.56940273541398
55,74,-2.046317735684268
59,74,-1.924994140805452
60,74,4.020013055060581
69,74,-4.403786300256773
73,74,-4.446007949018346
74,74,8.824348964940029
55,75,-1.574621630774588
61,75,1.691478069623018
69,75,-3.426905562039814
75,75,3.370759106080857
55,76,-3.161827401543104
62,76,4.559000771390544
63,76,-1.174133193439425
69,76,-6.608418532144671
76,76,8.776641865021112
77,76,-2.282899397573234
58,77,-1.343062009691128
62,77,-1.130490243690547
63,77,2.758017797181457
72,77,-3.111395868905013
76,77,-2.413513067939988
77,77,5.389316207695085
3,78,0.1351351351351351
78,78,-1
2,79,0.01579269871952799
79,79,-1
2,80,-0.01579269871952799
50,80,-1
80,80,-1
64,81,-1
81,81,-1
8,82,0.1639344262295082
82,82,-1
7,83,0.127420998980632
83,83,-1
7,84,-0.127420998980632
52,84,-1
84,84,-1
66,85,-1
85,85,-1
14,86,0.1639344262295082
86,86,-1
13,87,0.127420998980632
87,87,-1
13,88,-0.127420998980632
51,88,-1
88,88,-1
65,89,-1
89,89,-1
20,90,0.2105263157894737
90,90,-1
19,91,0.3952569169960475
91,91,-1
19,92,-0.3952569169960475
57,92,-1
92,92,-1
71,93,-1
93,93,-1
26,94,0.2105263157894737
94,94,-1
25,95,0.3952569169960475
95,95,-1
25,96,-0.3952569169960475
55,96,-1
96,96,-1
69,97,-1
97,97,-1
31,98,10000
98,98,-1
35,99,1000
99,99,-1
39,100,1000
100,100,-1
43,101,1000
101,101,-1
47,102,1000
102,102,-1
