# Unlabeled matrix
# 1 102 102
3,1,-0.05946064588574842
4,1,-18.2679498255818
5,1,18.70920203209814
80,1,18.30953229500546
81,1,0.3517143246315595
1,2,314.1592653589793
2,2,-0.1942501942501942
3,3,-0.1351351351351351
4,3,33.33333333333334
3,4,-0.1747573720900689
4,4,-87.02361633372502
80,4,9.097904981404781
81,4,26.84363769822778
5,5,-48.93939393939393
80,5,-15.43509167648097
81,5,5.231295364307749
7,6,8.560022877377889e-05
8,6,0.02782109507331864
9,6,14.13444853148935
10,6,0.2906574079322499
11,6,23.83342073415006
84,6,5.296514390281923
85,6,-0.1122075553487044
6,7,314.1592653589793
7,7,-0.1529051987767584
8,8,-0.1639344262295081
10,8,25
9,9,-3.333333333333334
11,9,10.1010101010101
7,10,-0.003554271705500426
8,10,-1.085151135027099
9,10,0.333727717880871
10,10,-36.33698063611455
11,10,0.562729638385434
84,10,0.1039309750651541
85,10,4.659054594038977
7,11,-7.928624070466241e-05
8,11,-0.02587668091218466
9,11,-13.99503333048814
10,11,-0.2703433843996547
11,11,-33.69934977523798
84,11,-4.659054594038977
85,11,0.1039309750651541
13,12,-0.002292753716073221
14,12,-0.2446906144552945
15,12,14.28453709333271
16,12,-2.556374562377775
17,12,24.08649914989631
88,12,5.980872520929351
89,12,-0.5201190624739406
12,13,314.1592653589793
13,13,-0.1529051987767584
14,14,-0.1639344262295081
16,14,25
15,15,-3.333333333333334
17,15,10.1010101010101
13,16,-0.005903545554616444
14,16,-1.085151135027099
15,16,0.333727717880871
16,16,-36.33698063611455
17,16,0.562729638385434
88,16,1.263365336741363
89,16,4.653252499846593
13,17,0.0008068268109019833
14,17,-0.02587668091218466
15,17,-13.99503333048814
16,17,-0.2703433843996547
17,17,-33.69934977523798
88,17,-4.653252499846593
89,17,1.263365336741363
19,18,3.414516159279961e-05
20,18,0.02381580488199731
21,18,2.98577229178032
22,18,0.2211967344136822
23,18,26.24557448298264
92,18,2.792255620259597
93,18,-0.02887350055131381
18,19,314.1592653589793
19,19,-0.1976284584980237
20,20,-0.2105263157894735
22,20,16.66666666666667
21,21,-0.6666666666666666
23,21,4.761904761904762
19,22,-0.002685091461552415
20,22,-1.774054707454313
21,22,0.03195805626585881
22,22,-33.14375446212246
23,22,0.2809181223785902
92,22,0.02501497802622385
93,22,2.27054101310247
19,23,-2.9582158402573e-05
20,23,-0.02069730492030032
21,23,-2.73926196564504
22,23,-0.1922326909469843
23,23,-28.84060096578392
92,23,-2.27054101310247
93,23,0.02501497802622385
25,24,5.339867648347974e-05
26,24,0.02362526019293447
27,24,2.930982767787202
28,24,0.2194269910357277
29,24,25.76396289565322
96,24,2.881232034110287
97,24,-0.02782364344853941
24,25,314.1592653589793
25,25,-0.1976284584980237
26,26,-0.2105263157894735
28,26,16.66666666666667
27,27,-0.6666666666666666
29,27,4.761904761904762
25,28,-0.004277635170823415
26,28,-1.774054707454313
27,28,0.03195805626585881
28,28,-33.14375446212246
29,28,0.2809181223785902
96,28,0.02426661621410673
97,28,2.228882879382337
25,29,-4.657208862537161e-05
26,29,-0.02069730492030032
27,29,-2.73926196564504
28,29,-0.1922326909469843
29,29,-28.84060096578392
96,29,-2.228882879382337
97,29,0.02426661621410673
30,30,-1000
31,30,-10000
31,31,-50
33,31,5
31,32,-10000
32,32,-1
31,33,-20
32,33,-0.002
33,33,-5.016579254668971
78,33,1
34,34,-1000
35,34,-1000
35,35,-50
37,35,0.5050505050505051
35,36,-1000
36,36,-1
35,37,-1
36,37,-0.001
37,37,-0.5169955059669065
86,37,1
38,38,-1000
39,38,-1000
39,39,-50
41,39,0.5050505050505051
39,40,-1000
40,40,-1
39,41,-1
40,41,-0.001
41,41,-0.5104013664268096
82,41,1
42,42,-1000
43,42,-1000
43,43,-50
45,43,1.428571428571429
43,44,-1000
44,44,-1
43,45,-1
44,45,-0.001
45,45,-1.456466067853706
90,45,1
46,46,-1000
47,46,-1000
47,47,-50
49,47,1.428571428571429
47,48,-1000
48,48,-1
47,49,-1
48,49,-0.001
49,49,-1.501912710310704
94,49,1
3,50,0.05946064588574842
4,50,18.2679498255818
5,50,-18.70920203209814
50,50,22.13214754176464
51,50,-16.00164725016851
54,50,-4.136992055790428
64,50,-3.239715090908623
65,50,7.775319217511666
68,50,2.082134721895825
80,50,-18.30953229500546
81,50,-0.3517143246315595
13,51,0.002292753716073221
14,51,0.2446906144552945
15,51,-14.28453709333271
16,51,2.556374562377775
17,51,-24.08649914989631
50,51,-17.50092395471569
51,51,32.29055646939413
52,51,-4.717306824259523
53,51,-5.071259641225582
54,51,-5.253681792825337
64,51,3.197806183040227
65,51,-10.30132341610001
66,51,2.157429071014118
67,51,2.427959171006161
68,51,2.279287514861137
88,51,-5.980872520929351
89,51,0.5201190624739406
7,52,-8.560022877377889e-05
8,52,-0.02782109507331864
9,52,-14.13444853148935
10,52,-0.2906574079322499
11,52,-23.83342073415006
51,52,-5.183663477117161
52,52,9.683654617195986
53,52,-5.237580900477185
65,52,0.1926572777341282
66,52,-4.502526899767838
67,52,1.652828042413026
84,52,-5.296514390281923
85,52,0.1122075553487044
51,53,-5.521116429245486
52,53,-4.966347792936463
53,53,38.60348675036651
54,53,-21.84090363282981
56,53,-5.061589279097611
58,53,-1.876224902565217
65,53,1.062983282799838
66,53,2.34509782875372
67,53,-11.15832976546178
68,53,6.083965441008997
70,53,0.3402629358881064
72,53,0.1930704640486709
50,54,-4.631223587048956
51,54,-5.584129312862979
53,54,-21.35683202700092
54,54,35.74240195956076
55,54,-4.510824478115196
64,54,0.04190890786839605
65,54,1.270363638054377
67,54,7.610875951979373
68,54,-9.726250381159312
69,54,0.7191372966066456
25,55,-5.339867648347974e-05
26,55,-0.02362526019293447
27,55,-2.930982767787202
28,55,-0.2194269910357277
29,55,-25.76396289565322
54,55,-4.510824478115195
55,55,19.46205668412587
60,55,-4.551721493476033
61,55,-3.49628070940416
62,55,-6.594784590156574
68,55,-0.7191372966066458
69,55,-7.690154309208068
74,55,2.16304929518969
75,55,1.798162592761857
76,55,3.626549825900595
96,55,-2.881232034110287
97,55,0.02782364344853941
53,56,-5.061589279097612
56,56,21.09173567344634
57,56,-6.427433812838928
58,56,-9.602712581509801
67,56,-0.3402629358881064
70,56,8.881784197001252e-16
71,56,-6.661338147750939e-16
72,56,0.3402629358881084
19,57,-3.414516159279961e-05
20,57,-0.02381580488199731
21,57,-2.98577229178032
22,57,-0.2211967344136822
23,57,-26.24557448298264
56,57,-6.427433812838928
57,57,6.427433812838928
70,57,4.440892098500626e-16
71,57,6.661338147750939e-16
92,57,-2.792255620259597
93,57,0.02887350055131381
53,58,-1.876224902565217
56,58,-9.602712581509801
58,58,22.24336345887337
59,58,-10.67772627536026
67,58,-0.1930704640486709
70,58,-0.3402629358881084
72,58,-4.454124908986232
73,58,4.151100361690728
58,59,-10.76442597479835
59,59,15.33848804972271
60,59,-4.630613653199596
72,59,3.920791509049453
73,59,-6.100395711909526
74,59,2.019868776565531
55,60,-4.543541643656393
59,60,-4.660761774362451
60,60,9.18233514667563
69,60,2.180178923839158
73,60,1.949295350218798
74,60,-4.182918071755221
55,61,-3.58863259724247
61,61,5.925020399780948
62,61,-2.397844884601598
69,61,1.605952549413731
75,61,-4.451509425694971
76,61,2.681299276253525
55,62,-6.819057965111812
61,62,-2.428739690376788
62,62,11.34926769088675
63,62,-2.21876204764686
69,62,3.184885539348533
75,62,2.653346832933114
76,62,-7.291092301633627
77,62,1.263964337694035
62,63,-2.356638216128582
63,63,2.21876204764686
76,63,0.9832431994795082
77,63,-1.263964337694035
3,64,0.1655098057586201
4,64,50.84917565560691
5,64,5.982041582970552
30,64,1000
50,64,9.716726606805402
51,64,-7.33520680897327
54,64,-1.964278039524363
64,64,20.34840436232762
65,64,-15.09589363223444
68,64,-3.902822694141914
80,64,-0.3318059666335467
81,64,-27.36783458633611
13,65,0.005539772922502697
14,65,1.059903124893147
15,65,3.019845533766889
16,65,11.07320521096892
17,65,5.092045083900162
34,65,1000
50,65,-3.060101610564811
51,65,10.04184058956938
52,65,-2.064525426807768
53,65,-2.323405905269053
54,65,-2.181136377857547
64,65,-16.74729565044563
65,65,32.36574114575052
66,65,-4.514169209817725
67,65,-4.852880039450318
68,65,-5.027446691698888
88,65,0.2678286483502932
89,65,-3.917348797142769
7,66,0.003554145557518855
8,66,1.085110052600651
9,66,-0.3552520188967794
10,66,11.33655143260723
11,66,-0.5990237832173149
38,66,1000
51,66,-0.1907497799347807
52,66,1.846462276997861
53,66,-1.636463408329729
65,66,-5.132340076353625
66,66,10.23141301258142
67,66,-5.185723663838799
84,66,-0.1110965894541621
85,66,-4.073704816604632
51,67,-1.06419158683483
52,67,-2.347763525585253
53,67,9.83109218066714
54,67,-6.090881147125987
56,67,-0.3406497162684232
58,67,-0.1932899292317293
65,67,-5.52739233909944
66,67,-4.971993091573303
67,67,38.53524041940897
68,67,-21.86573041271847
70,67,-5.067342839711747
72,67,-1.878357626717143
50,68,-0.04179585093685043
51,68,-1.266936600172202
53,68,-7.590344224352226
54,68,9.487786111599171
55,68,-0.7171972924345096
64,68,-4.618730015761019
65,68,-5.569065104378979
67,68,-21.2992180728485
68,68,35.60130115988936
69,68,-4.498655705408495
25,69,0.004277597582127708
26,69,1.774038041050941
27,69,-0.03409254180355285
28,69,16.47693300102333
29,69,-0.2996807049494783
46,69,1000
54,69,0.6720909314080802
55,69,6.893975989914098
60,69,-2.021541397373542
61,69,-1.680525787627904
62,69,-3.389298902710836
68,69,-4.215723811322612
69,69,18.92033019067936
74,69,-4.253945321005639
75,69,-3.267552064863701
76,69,-6.16335008425848
96,69,-0.02600340509207647
97,69,-1.764986368419858
53,70,0.327582599037886
56,70,3.302931281568573e-15
57,70,6.661338147750939e-16
58,70,-0.3275825990378878
67,70,-4.872962631035279
70,70,20.30572495971095
71,70,-6.187907207872187
72,70,-9.244855120803484
19,71,0.002685071684885911
20,71,1.77404089266281
21,71,-0.03373691172412512
22,71,16.47695948626019
23,71,-0.2965546407939146
42,71,1000
56,71,-6.661338147750939e-16
57,71,7.91033905045424e-16
70,71,-5.896728268659567
71,71,6.479084496976441
92,71,-0.02648945004707697
93,71,-1.979346175591015
53,72,0.1897191164050734
56,72,0.33435659804399
58,72,3.565147343130563
59,72,-4.079044905233225
67,72,-1.843657094034515
70,72,-9.436027178122187
72,72,21.40052771068957
73,72,-10.49238061429174
58,73,-3.857455157104852
59,73,5.753920897764005
60,73,-1.987239875125811
72,73,-10.59053775083953
73,73,14.93093396498217
74,73,-4.555810854993774
55,74,-2.100127184372096
59,74,-1.877721186367473
60,74,3.934928181637118
69,74,-4.37671202800483
73,74,-4.489628073729159
74,74,8.79662904624581
55,75,-1.54002490692003
61,75,4.104977533280303
62,75,-2.571226447409363
69,75,-3.441311876590659
75,75,5.638825304737543
76,75,-2.299408439287523
55,76,-3.099167708646475
61,76,-2.581934805150876
62,76,6.727033723321159
63,76,-1.229946072430392
69,76,-6.635530221656222
75,76,-2.363372726626603
76,76,10.88578496154952
77,76,-2.159046410391258
62,77,-1.02056074744941
63,77,0.878902031407885
76,77,-2.446080949853703
77,77,2.157658400524904
3,78,0.1351351351351351
78,78,-1
2,79,0.01579269871952799
79,79,-1
2,80,-0.01579269871952799
50,80,-1
80,80,-1
64,81,-1
81,81,-1
8,82,0.1639344262295082
82,82,-1
7,83,0.127420998980632
83,83,-1
7,84,-0.127420998980632
52,84,-1
84,84,-1
66,85,-1
85,85,-1
14,86,0.1639344262295082
86,86,-1
13,87,0.127420998980632
87,87,-1
13,88,-0.127420998980632
51,88,-1
88,88,-1
65,89,-1
89,89,-1
20,90,0.2105263157894737
90,90,-1
19,91,0.3952569169960475
91,91,-1
19,92,-0.3952569169960475
57,92,-1
92,92,-1
71,93,-1
93,93,-1
26,94,0.2105263157894737
94,94,-1
25,95,0.3952569169960475
95,95,-1
25,96,-0.3952569169960475
55,96,-1
96,96,-1
69,97,-1
97,97,-1
31,98,10000
98,98,-1
35,99,1000
99,99,-1
39,100,1000
100,100,-1
43,101,1000
101,101,-1
47,102,1000
102,102,-1
