# Unlabeled matrix
# 1 102 102
3,1,-0.05929937345793064
4,1,-18.21840248925979
5,1,18.71502211162545
80,1,18.30745780694544
81,1,0.3513522697914885
1,2,314.1592653589793
2,2,-0.1942501942501942
3,3,-0.1351351351351351
4,3,33.33333333333334
3,4,-0.1747573720900689
4,4,-87.02361633372502
80,4,9.073229144091714
81,4,26.85198824711478
5,5,-48.93939393939393
80,5,-15.439893242091
81,5,5.217106757852736
7,6,8.908325662305539e-05
8,6,0.02785565025792975
9,6,14.13443721150613
10,6,0.2910184188976061
11,6,23.83340164646353
84,6,5.320563341933079
85,6,-0.112207555348704
6,7,314.1592653589793
7,7,-0.1529051987767584
8,8,-0.1639344262295081
10,8,25
9,9,-3.333333333333334
11,9,10.1010101010101
7,10,-0.003698895733379361
8,10,-1.085151135027099
9,10,0.333727717880871
10,10,-36.33698063611455
11,10,0.562729638385434
84,10,0.1037840769637054
85,10,4.659057868623493
7,11,-8.239573113248011e-05
8,11,-0.02587668091218466
9,11,-13.99503333048814
10,11,-0.2703433843996547
11,11,-33.69934977523798
84,11,-4.659057868623493
85,11,0.1037840769637054
13,12,-0.002288176114154317
14,12,-0.2396818501318221
15,12,14.2986548838664
16,12,-2.504046124141704
17,12,24.11030448201637
88,12,6.012479080506296
89,12,-0.5201190624739427
12,13,314.1592653589793
13,13,-0.1529051987767584
14,14,-0.1639344262295081
16,14,25
15,15,-3.333333333333334
17,15,10.1010101010101
13,16,-0.006077384456662928
14,16,-1.085151135027099
15,16,0.333727717880871
16,16,-36.33698063611455
17,16,0.562729638385434
88,16,1.242320073050075
89,16,4.658915285504238
13,17,0.000786158744201688
14,17,-0.02587668091218466
15,17,-13.99503333048814
16,17,-0.2703433843996547
17,17,-33.69934977523798
88,17,-4.658915285504238
89,17,1.242320073050075
19,18,4.163394955367502e-05
20,18,0.02392216013389002
21,18,2.985770264707134
22,18,0.2221845420701093
23,18,26.24555666457752
92,18,2.861864971890246
93,18,-0.02887350055131318
18,19,314.1592653589793
19,19,-0.1976284584980237
20,20,-0.2105263157894735
22,20,16.66666666666667
21,21,-0.6666666666666666
23,21,4.761904761904762
19,22,-0.003273993292564782
20,22,-1.774054707454313
21,22,0.03195805626585881
22,22,-33.14375446212246
23,22,0.2809181223785902
92,22,0.02489009642863789
93,22,2.270542385511845
19,23,-3.589010682145614e-05
20,23,-0.02069730492030032
21,23,-2.73926196564504
22,23,-0.1922326909469843
23,23,-28.84060096578392
92,23,-2.270542385511845
93,23,0.02489009642863789
25,24,3.81185916906456e-05
26,24,0.02345664800144743
27,24,2.93098599652403
28,24,0.2178609525867202
29,24,25.76399127693773
96,24,2.739201467769183
97,24,-0.02782364344853906
24,25,314.1592653589793
25,25,-0.1976284584980237
26,26,-0.2105263157894735
28,26,16.66666666666667
27,27,-0.6666666666666666
29,27,4.761904761904762
25,28,-0.00305358261445419
26,28,-1.774054707454313
27,28,0.03195805626585881
28,28,-33.14375446212246
29,28,0.2809181223785902
96,28,0.02446459974501104
97,28,2.228880715073263
25,29,-3.351667765151285e-05
26,29,-0.02069730492030032
27,29,-2.73926196564504
28,29,-0.1922326909469843
29,29,-28.84060096578392
96,29,-2.228880715073263
97,29,0.02446459974501104
30,30,-1000
31,30,-10000
31,31,-50
33,31,5
31,32,-10000
32,32,-1
31,33,-20
32,33,-0.002
33,33,-5.016582420867432
78,33,1
34,34,-1000
35,34,-1000
35,35,-50
37,35,0.5050505050505051
35,36,-1000
36,36,-1
35,37,-1
36,37,-0.001
37,37,-0.5177279760002707
86,37,1
38,38,-1000
39,38,-1000
39,39,-50
41,39,0.5050505050505051
39,40,-1000
40,40,-1
39,41,-1
40,41,-0.001
41,41,-0.5106794458924878
82,41,1
42,42,-1000
43,42,-1000
43,43,-50
45,43,1.428571428571429
43,44,-1000
44,44,-1
43,45,-1
44,45,-0.001
45,45,-1.468999467724121
90,45,1
46,46,-1000
47,46,-1000
47,47,-50
49,47,1.428571428571429
47,48,-1000
48,48,-1
47,49,-1
48,49,-0.001
49,49,-1.462978082209154
94,49,1
3,50,0.05929937345793064
4,50,18.21840248925979
5,50,-18.71502211162545
50,50,22.12709521322937
51,50,-16.00069228071975
54,50,-4.137235581071496
64,50,-3.248676999976758
65,50,7.777284242635535
68,50,2.069763585867693
80,50,-18.30745780694544
81,50,-0.3513522697914885
13,51,0.002288176114154317
14,51,0.2396818501318221
15,51,-14.2986548838664
16,51,2.504046124141704
17,51,-24.11030448201637
50,51,-17.50131652962995
51,51,32.25894990981719
52,51,-4.714488424654039
53,51,-5.049501093484719
54,51,-5.253389836290334
64,51,3.19565695636019
65,51,-10.30132341610001
66,51,2.163581004830967
67,51,2.421666351223346
68,51,2.263352961272025
88,51,-6.012479080506296
89,51,0.5201190624739427
7,52,-8.908325662305539e-05
8,52,-0.02785565025792975
9,52,-14.13443721150613
10,52,-0.2910184188976061
11,52,-23.83340164646353
51,52,-5.18391038964663
52,52,9.659605665544831
53,52,-5.217821932806943
65,52,0.1858949778128096
66,52,-4.502526899767838
67,52,1.642920175515594
84,52,-5.320563341933079
85,52,0.112207555348704
51,53,-5.499880009637743
52,53,-4.945117240890789
53,53,38.29775338095686
54,53,-21.7483334052065
56,53,-4.981924993678708
58,53,-1.82535474597745
65,53,1.055106198132634
66,53,2.338945894936871
67,53,-11.07513687130145
68,53,5.98326286975467
70,53,0.4021878479164751
72,53,0.22711248965134
50,54,-4.62577868359942
51,54,-5.574467229813069
53,54,-21.22315061500904
54,54,35.66022307074491
55,54,-4.521264248176589
64,54,0.05302004361656822
65,54,1.283037997519031
67,54,7.639850682130328
68,54,-9.704118562247505
69,54,0.6122608546468817
25,55,-3.81185916906456e-05
26,55,-0.02345664800144743
27,55,-2.93098599652403
28,55,-0.2178609525867202
29,55,-25.76399127693773
54,55,-4.52126424817659
55,55,19.60408725046698
60,55,-4.632820051292502
61,55,-3.512130037648742
62,55,-6.66552762473218
68,55,-0.6122608546468816
69,55,-7.69015430920807
74,55,2.249260193422634
75,55,1.785643137718014
76,55,3.591491566256298
96,55,-2.739201467769183
97,55,0.02782364344853906
53,56,-4.981924993678709
56,56,20.63736092484928
57,56,-6.357824461208281
58,56,-9.297611469962291
67,56,-0.4021878479164753
70,56,4.440892098500626e-15
71,56,4.440892098500626e-16
72,56,0.402187847916478
19,57,-4.163394955367502e-05
20,57,-0.02392216013389002
21,57,-2.985770264707134
22,57,-0.2221845420701093
23,57,-26.24555666457752
56,57,-6.357824461208281
57,57,6.357824461208281
70,57,-8.881784197001252e-16
71,57,-4.440892098500626e-16
92,57,-2.861864971890246
93,57,0.02887350055131318
53,58,-1.82535474597745
56,58,-9.297611469962288
58,58,24.34161281913761
59,58,-10.14533289680623
63,58,-2.940345632024951
67,58,-0.2271124896513399
70,58,-0.4021878479164784
72,58,-5.701045329774675
73,58,3.914639851448592
77,58,1.473253903587548
58,59,-10.20826537050288
59,59,10.14533289680623
72,59,3.747466194505286
73,59,-3.914639851448592
55,60,-4.661569152959965
60,60,4.632820051292502
69,60,2.189055978623114
74,60,-2.249260193422634
55,61,-3.588762499282416
61,61,5.950304149756351
62,61,-2.427969669157624
69,61,1.626149605779928
75,61,-4.470211563323305
76,61,2.693801016845755
55,62,-6.832491350048007
61,62,-2.438174112107609
62,62,11.48554006918242
63,62,-2.326229298005449
69,62,3.262687870158145
75,62,2.684568425605292
76,62,-7.376982716509433
77,62,1.225688883571064
58,63,-3.010381232694994
62,63,-2.392042775292612
63,63,5.2665749300304
72,63,1.324278797701571
76,63,1.09169013340738
77,63,-2.698942787158612
3,64,0.1655612927344094
4,64,50.86499387413412
5,64,5.965816761409645
30,64,1000
50,64,9.708271975609048
51,64,-7.337060606259938
54,64,-1.952607156478956
64,64,20.35317071000241
65,64,-15.09499271766014
68,64,-3.903052434973109
80,64,-0.331464405463668
81,64,-27.36979165054369
13,65,0.005723470483687747
14,65,1.06095065553453
15,65,2.958029944290356
16,65,11.0841491562073
17,65,4.987812014697535
34,65,1000
50,65,-3.058044934315971
51,65,10.04184058956939
52,65,-2.070412444814322
53,65,-2.317384068156312
54,65,-2.165888001217249
64,65,-16.74767132022004
65,65,32.3959866573074
66,65,-4.511472176702429
67,65,-4.832058462664802
68,65,-5.027167307454866
88,65,0.2678286483502947
89,65,-3.887103285585887
7,66,0.003698761852761783
8,66,1.08510918355878
9,66,-0.3556932595835352
10,66,11.33654235340108
11,66,-0.5997678005667747
38,66,1000
51,66,-0.1840544334780295
52,66,1.846462276997861
53,66,-1.626653639124351
65,66,-5.132584544204584
66,66,10.25522385580038
67,66,-5.166160329511826
84,66,-0.1110965894541625
85,66,-4.049893973385665
51,67,-1.060519593340737
52,67,-2.350946240041538
53,67,9.786692794994242
54,67,-6.01396098014894
56,67,-0.4042513385608499
58,67,-0.2282777274874506
65,67,-5.528098045075324
66,67,-4.970488975056247
67,67,38.38167164466922
68,67,-21.85991679278241
70,67,-5.007485576050078
72,67,-1.834720027550482
50,68,-0.05293794302455349
51,68,-1.281051236060746
53,68,-7.628020509593231
54,68,9.476621424715924
55,68,-0.6113127796321272
64,68,-4.618615747801028
65,68,-5.565835266719164
67,68,-21.1902869447617
68,68,35.56027322326248
69,68,-4.514263151117604
25,69,0.003053558746920434
26,69,1.774039995310796
27,69,-0.03384922519497726
28,69,16.47695115182277
29,69,-0.2975419001280599
46,69,1000
54,69,0.5722064062120388
55,69,6.893975989914101
60,69,-2.102112330301527
61,69,-1.668825362353284
62,69,-3.356534174071306
68,69,-4.225480605772512
69,69,18.7875913436316
74,69,-4.329738365693927
75,69,-3.282364521167049
76,69,-6.229465069843159
96,69,-0.02600340509207681
97,69,-1.897725215467618
53,70,0.391439099683478
56,70,2.953794163614748e-15
57,70,-2.220446049250313e-16
58,70,-0.3914390996834798
67,70,-4.84877960465181
70,70,20.08581318932255
71,70,-6.187907207872189
72,70,-9.049126376798533
19,71,0.003273967199502139
20,71,1.77403968824721
21,71,-0.03388757208443121
22,71,16.47694829987372
23,71,-0.2978789774551304
42,71,1000
56,71,6.661338147750939e-16
57,71,-9.159339953157542e-16
70,71,-5.832866478172734
71,71,6.542946287463275
92,71,-0.02648945004707754
93,71,-1.915484385104181
53,72,0.2279272541348694
56,72,0.4036306940351246
58,72,4.892534521128228
59,72,-3.928683594800911
63,72,-1.478539191762175
67,72,-1.831903193485325
70,72,-9.330966586710872
72,72,23.96247071974353
73,72,-10.18172920830188
77,72,-2.950894101613535
58,73,-3.803141221927034
59,73,3.717054638288938
72,73,-10.35992663305531
73,73,10.13124645960611
55,74,-2.063461641886649
60,74,2.027834342380478
69,74,-4.394117478980653
74,74,4.319509457589018
55,75,-1.556063710946557
61,75,4.114109973849968
62,75,-2.577700103315028
69,75,-3.434089380516064
75,75,5.650981108760159
76,75,-2.323325898199304
55,76,-3.155850501969615
61,76,-2.596661694490436
62,76,6.76979962478064
63,76,-1.18555345543637
69,76,-6.608760051480781
75,76,-2.35833561216849
76,76,10.95236157832944
77,76,-2.250056453439136
58,77,-1.342933846914507
62,77,-1.107068717735195
63,77,2.31388558372048
72,77,-3.052788322609213
76,77,-2.425739362272621
77,77,5.19879273475514
3,78,0.1351351351351351
78,78,-1
2,79,0.01579269871952799
79,79,-1
2,80,-0.01579269871952799
50,80,-1
80,80,-1
64,81,-1
81,81,-1
8,82,0.1639344262295082
82,82,-1
7,83,0.127420998980632
83,83,-1
7,84,-0.127420998980632
52,84,-1
84,84,-1
66,85,-1
85,85,-1
14,86,0.1639344262295082
86,86,-1
13,87,0.127420998980632
87,87,-1
13,88,-0.127420998980632
51,88,-1
88,88,-1
65,89,-1
89,89,-1
20,90,0.2105263157894737
90,90,-1
19,91,0.3952569169960475
91,91,-1
19,92,-0.3952569169960475
57,92,-1
92,92,-1
71,93,-1
93,93,-1
26,94,0.2105263157894737
94,94,-1
25,95,0.3952569169960475
95,95,-1
25,96,-0.3952569169960475
55,96,-1
96,96,-1
69,97,-1
97,97,-1
31,98,10000
98,98,-1
35,99,1000
99,99,-1
39,100,1000
100,100,-1
43,101,1000
101,101,-1
47,102,1000
102,102,-1
