# Unlabeled matrix
# 1 102 102
3,1,-0.05935126658171225
4,1,-18.23434548764828
5,1,18.71315128902435
80,1,18.30820582349574
81,1,0.3514418966538246
1,2,314.1592653589793
2,2,-0.1942501942501942
3,3,-0.1351351351351351
4,3,33.33333333333334
3,4,-0.1747573720900689
4,4,-87.02361633372502
80,4,9.081169163953936
81,4,26.84930402338276
5,5,-48.93939393939393
80,5,-15.43834981344509
81,5,5.221672269273512
7,6,8.883089468314718e-05
8,6,0.02785319168714793
9,6,14.13443801737751
10,6,0.2909927332871447
11,6,23.83340300531893
84,6,5.318820880961252
85,6,-0.112207555348706
6,7,314.1592653589793
7,7,-0.1529051987767584
8,8,-0.1639344262295081
10,8,25
9,9,-3.333333333333334
11,9,10.1010101010101
7,10,-0.003688417031114353
8,10,-1.085151135027099
9,10,0.333727717880871
10,10,-36.33698063611455
11,10,0.562729638385434
84,10,0.1037945286408246
85,10,4.659057635792664
7,11,-8.2170588368374e-05
8,11,-0.02587668091218466
9,11,-13.99503333048814
10,11,-0.2703433843996547
11,11,-33.69934977523798
84,11,-4.659057635792664
85,11,0.1037945286408246
13,12,-0.002288520727320477
14,12,-0.240052759339504
15,12,14.29761991658654
16,12,-2.507921151655859
17,12,24.10855932651406
88,12,6.010099660722373
89,12,-0.5201190624739347
12,13,314.1592653589793
13,13,-0.1529051987767584
14,14,-0.1639344262295081
16,14,25
15,15,-3.333333333333334
17,15,10.1010101010101
13,16,-0.00606428222443473
14,16,-1.085151135027099
15,16,0.333727717880871
16,16,-36.33698063611455
17,16,0.562729638385434
88,16,1.243878682430195
89,16,4.658499396243806
13,17,0.0007876940613307206
14,17,-0.02587668091218466
15,17,-13.99503333048814
16,17,-0.2703433843996547
17,17,-33.69934977523798
88,17,-4.658499396243806
89,17,1.243878682430195
19,18,4.084709478097099e-05
20,18,0.02391210242773021
21,18,2.985770456788283
22,18,0.2220911279793714
23,18,26.24555835301175
92,18,2.854551044611164
93,18,-0.02887350055131497
18,19,314.1592653589793
19,19,-0.1976284584980237
20,20,-0.2105263157894735
22,20,16.66666666666667
21,21,-0.6666666666666666
23,21,4.761904761904762
19,22,-0.003212116749442666
20,22,-1.774054707454313
21,22,0.03195805626585881
22,22,-33.14375446212246
23,22,0.2809181223785902
92,22,0.02490190612416941
93,22,2.270542256021109
19,23,-3.522851404432457e-05
20,23,-0.02069730492030032
21,23,-2.73926196564504
22,23,-0.1922326909469843
23,23,-28.84060096578392
92,23,-2.270542256021109
93,23,0.02490190612416941
25,24,4.022532540679156e-05
26,24,0.02348457329784982
27,24,2.930985463383628
28,24,0.2181203175085588
29,24,25.76398659052003
96,24,2.758783857977922
97,24,-0.02782364344854047
24,25,314.1592653589793
25,25,-0.1976284584980237
26,26,-0.2105263157894735
28,26,16.66666666666667
27,27,-0.6666666666666666
29,27,4.761904761904762
25,28,-0.003222348169118189
26,28,-1.774054707454313
27,28,0.03195805626585881
28,28,-33.14375446212246
29,28,0.2809181223785902
96,28,0.02443181004010324
97,28,2.228881074737803
25,29,-3.532166845646623e-05
26,29,-0.02069730492030032
27,29,-2.73926196564504
28,29,-0.1922326909469843
29,29,-28.84060096578392
96,29,-2.228881074737803
97,29,0.02443181004010324
30,30,-1000
31,30,-10000
31,31,-50
33,31,5
31,32,-10000
32,32,-1
31,33,-20
32,33,-0.002
33,33,-5.016581666437229
78,33,1
34,34,-1000
35,34,-1000
35,35,-50
37,35,0.5050505050505051
35,36,-1000
36,36,-1
35,37,-1
36,37,-0.001
37,37,-0.5176713504527116
86,37,1
38,38,-1000
39,38,-1000
39,39,-50
41,39,0.5050505050505051
39,40,-1000
40,40,-1
39,41,-1
40,41,-0.001
41,41,-0.5106588534126401
82,41,1
42,42,-1000
43,42,-1000
43,43,-50
45,43,1.428571428571429
43,44,-1000
44,44,-1
43,45,-1
44,45,-0.001
45,45,-1.467466018032667
90,45,1
46,46,-1000
47,46,-1000
47,47,-50
49,47,1.428571428571429
47,48,-1000
48,48,-1
47,49,-1
48,49,-0.001
49,49,-1.466822653561904
94,49,1
3,50,0.05935126658171225
4,50,18.23434548764828
5,50,-18.71315128902435
50,50,22.12863830223648
51,50,-15.99970823887292
54,50,-4.1379290417809
64,50,-3.245765313537344
65,50,7.779308447668949
68,50,2.070905021505276
80,50,-18.30820582349574
81,50,-0.3514418966538246
13,51,0.002288520727320477
14,51,0.240052759339504
15,51,-14.29761991658654
16,51,2.507921151655859
17,51,-24.10855932651406
50,51,-17.5017206760691
51,51,32.2613293296011
52,51,-4.714251559705876
53,51,-5.050102550019295
54,51,-5.254612882197325
64,51,3.193442817694856
65,51,-10.30132341610002
66,51,2.164097064013769
67,51,2.42412539325672
68,51,2.264048410242089
88,51,-6.010099660722373
89,51,0.5201190624739347
7,52,-8.883089468314718e-05
8,52,-0.02785319168714793
9,52,-14.13443801737751
10,52,-0.2909927332871447
11,52,-23.83340300531893
51,52,-5.18393070760839
52,52,9.661348126516652
53,52,-5.218923869624865
65,52,0.1853275192114542
66,52,-4.502526899767836
67,52,1.644643481474211
84,52,-5.318820880961252
85,52,0.112207555348706
51,53,-5.501825665044705
52,53,-4.947096566810778
53,53,38.31969040612034
54,53,-21.76181715718955
56,53,-4.988666165580829
58,53,-1.830035966747168
65,53,1.053486610925273
66,53,2.338429835754067
67,53,-11.08110613993622
68,53,5.979427654727971
70,53,0.4079388503863655
72,53,0.2304778920256297
50,54,-4.62691762616738
51,54,-5.575864718075083
53,54,-21.23196185414817
54,54,35.67764979220495
55,54,-4.523290711037181
64,54,0.05232249584248834
65,54,1.283200838294337
67,54,7.650754007617284
68,54,-9.70881179975823
69,54,0.6055692867171046
25,55,-4.022532540679156e-05
26,55,-0.02348457329784982
27,55,-2.930985463383628
28,55,-0.2181203175085588
29,55,-25.76398659052003
54,55,-4.523290711037181
55,55,19.58450486025824
60,55,-4.466991567089376
61,55,-3.544010290047553
62,55,-6.79113319057217
68,55,-0.6055692867171045
69,55,-7.690154309208068
74,55,2.23774484125143
75,55,1.779508027018186
76,55,3.594401876828544
96,55,-2.758783857977922
97,55,0.02782364344854047
53,56,-4.988666165580829
56,56,20.68486993595311
57,56,-6.365138388487364
58,56,-9.331065381884915
67,56,-0.407938850386365
71,56,-8.881784197001252e-16
72,56,0.407938850386365
19,57,-4.084709478097099e-05
20,57,-0.02391210242773021
21,57,-2.985770456788283
22,57,-0.2220911279793714
23,57,-26.24555835301175
56,57,-6.365138388487364
57,57,6.365138388487364
70,57,8.881784197001252e-16
71,57,8.881784197001252e-16
92,57,-2.854551044611164
93,57,0.02887350055131497
53,58,-1.830035966747168
56,58,-9.331065381884915
58,58,24.46061743855372
59,58,-10.35030959642848
63,58,-2.802476730204792
67,58,-0.2304778920256297
70,58,-0.4079388503863646
72,58,-5.727147460385336
73,58,3.913717475929817
77,58,1.493181393506637
58,59,-10.36174867674682
59,59,14.85592786884663
60,59,-4.558342892641669
72,59,3.883330733179131
73,59,-5.911436477085566
74,59,1.874296480664202
55,60,-4.548369982478357
59,60,-4.505618272418149
60,60,9.025334459731043
69,60,2.067328260699014
73,60,1.997719001155749
74,60,-4.112041321915632
55,61,-3.603894268698522
61,61,6.027852793072245
62,61,-2.486594593625526
69,61,1.654872760736319
75,61,-4.527573521165614
76,61,2.74557550741334
55,62,-6.908949898044176
61,62,-2.483842503024693
62,62,9.277727784197694
69,62,3.36238400105563
75,62,2.748065494147428
76,62,-6.339977384241884
58,63,-2.937767413174822
63,63,2.802476730204792
72,63,1.205399984794209
77,63,-1.493181393506637
3,64,0.1655447426172646
4,64,50.85990922183838
5,64,5.971037472010876
30,64,1000
50,64,9.711018849608497
51,64,-7.338970233649952
54,64,-1.953683982552148
64,64,20.35171496565608
65,64,-15.09406437629521
68,64,-3.903706643189529
80,64,-0.3315489591073817
81,64,-27.36908597455283
13,65,0.005709641278067374
14,65,1.060873861652663
15,65,2.96260751469184
16,65,11.0833468617401
17,65,4.995530685933677
34,65,1000
50,65,-3.055926141334791
51,65,10.04184058956938
52,65,-2.070906281352889
53,65,-2.319737218427483
54,65,-2.166553502624008
64,65,-16.74805806322402
65,65,32.39370970057637
66,65,-4.511245511680264
67,65,-4.83263401915722
68,65,-5.028337686313231
88,65,0.2678286483502875
89,65,-3.889380242316912
7,66,0.003688283714088371
8,66,1.085109245426007
9,66,-0.3556618656994504
10,66,11.3365429997512
11,66,-0.599714864391288
38,66,1000
51,66,-0.1834925932786673
52,66,1.846462276997863
53,66,-1.628359882647734
65,66,-5.132604660998406
66,66,10.25349864691739
67,66,-5.167251356064223
84,66,-0.1110965894541605
85,66,-4.051619182268661
51,67,-1.058588115506498
52,67,-2.349753672617541
53,67,9.789885154354623
54,67,-6.0083830085572
56,67,-0.409914292591822
58,67,-0.2315939802699853
65,67,-5.528468233202902
66,67,-4.971052861591951
67,67,38.39271098979312
68,67,-21.86719866728361
70,67,-5.012823760973102
72,67,-1.838897908390608
50,68,-0.05222870716008907
51,68,-1.280900685865837
53,68,-7.637039942067054
54,68,9.478990088152029
55,68,-0.6044837967268401
64,68,-4.618623822503375
65,68,-5.565869915710929
67,68,-21.19390331555998
68,68,35.56897749448051
69,68,-4.515182659823908
25,69,0.003222322462500593
26,69,1.774039672616522
27,69,-0.03388952292406893
28,69,16.47694815469881
29,69,-0.2978961257511197
46,69,1000
54,69,0.5659526044085093
55,69,6.8939759899141
60,69,-2.09135031892657
61,69,-1.663091614035688
62,69,-3.359254090493966
68,69,-4.22737449629643
69,69,18.8058926428921
74,69,-4.174758473915303
75,69,-3.312159149577152
76,69,-6.346853449132868
96,69,-0.02600340509207549
97,69,-1.879423916207114
53,70,0.396580183903396
56,70,-1.484478486731888e-15
57,70,6.661338147750939e-16
58,70,-0.3965801839033953
67,70,-4.849761535350003
70,70,20.10891954872335
71,70,-6.187907207872189
72,70,-9.071250805501155
19,71,0.003212091332711501
20,71,1.774039802375074
21,71,-0.03387332457331236
22,71,16.47694935987193
23,71,-0.2977537387973478
42,71,1000
56,71,-4.440892098500626e-16
57,71,7.494005416219807e-16
70,71,-5.839576503199416
71,71,6.536236262436594
92,71,-0.0264894500470759
93,71,-1.922194410130862
53,72,0.2307359671055427
56,72,0.4083956354189242
58,72,4.90663546624733
59,72,-3.918099817947443
63,72,-1.494853366918347
67,72,-1.832085129355395
70,72,-9.341513739525379
72,72,24.02268649071581
73,72,-10.36189924154692
77,72,-2.80561477264238
58,73,-3.882490882272498
59,73,5.658212506431797
60,73,-1.873891125131351
72,73,-10.35950773343851
73,73,14.69035008834062
74,73,-4.557357056339233
55,74,-2.008714498373153
59,74,-1.941078829900118
60,74,3.900233530244765
69,74,-4.419412679377919
73,74,-4.377873083823244
74,74,8.72047333456122
55,75,-1.573291482934176
61,75,4.141994983876083
62,75,-2.610225187128059
69,75,-3.426230881832798
75,75,5.688102568742409
76,75,-2.364011414340122
55,76,-3.204804771221699
61,76,-2.619276502775533
62,76,5.68256735724878
69,76,-6.585159693369989
75,76,-2.367436408856825
76,76,8.688134955696624
58,77,-1.269130260778826
63,77,1.13286922495477
72,77,-3.093089074351222
77,77,2.803243595111916
3,78,0.1351351351351351
78,78,-1
2,79,0.01579269871952799
79,79,-1
2,80,-0.01579269871952799
50,80,-1
80,80,-1
64,81,-1
81,81,-1
8,82,0.1639344262295082
82,82,-1
7,83,0.127420998980632
83,83,-1
7,84,-0.127420998980632
52,84,-1
84,84,-1
66,85,-1
85,85,-1
14,86,0.1639344262295082
86,86,-1
13,87,0.127420998980632
87,87,-1
13,88,-0.127420998980632
51,88,-1
88,88,-1
65,89,-1
89,89,-1
20,90,0.2105263157894737
90,90,-1
19,91,0.3952569169960475
91,91,-1
19,92,-0.3952569169960475
57,92,-1
92,92,-1
71,93,-1
93,93,-1
26,94,0.2105263157894737
94,94,-1
25,95,0.3952569169960475
95,95,-1
25,96,-0.3952569169960475
55,96,-1
96,96,-1
69,97,-1
97,97,-1
31,98,10000
98,98,-1
35,99,1000
99,99,-1
39,100,1000
100,100,-1
43,101,1000
101,101,-1
47,102,1000
102,102,-1
