# Unlabeled matrix
# 1 102 102
3,1,-0.05932504871802571
4,1,-18.22629063706224
5,1,18.71409670905828
80,1,18.30476748899154
81,1,0.3524312701565593
1,2,314.1592653589793
2,2,-0.1942501942501942
3,3,-0.1351351351351351
4,3,33.33333333333334
3,4,-0.1747573720900689
4,4,-87.02361633372502
80,4,9.077157642903629
81,4,26.85066049560536
5,5,-48.93939393939393
80,5,-15.43912978497308
81,5,5.219365644669586
7,6,8.62868087759883e-05
8,6,0.02782801442358209
9,6,14.13444626589517
10,6,0.2907296969779129
11,6,23.83341691391899
84,6,5.301254957969743
85,6,-0.1122075553487062
6,7,314.1592653589793
7,7,-0.1529051987767584
8,8,-0.1639344262295081
10,8,25
9,9,-3.333333333333334
11,9,10.1010101010101
7,10,-0.00358278021648463
8,10,-1.085151135027099
9,10,0.333727717880871
10,10,-36.33698063611455
11,10,0.562729638385434
84,10,0.1039015601215731
85,10,4.659055250114339
7,11,-7.989955776039886e-05
8,11,-0.02587668091218466
9,11,-13.99503333048814
10,11,-0.2703433843996547
11,11,-33.69934977523798
84,11,-4.659055250114339
85,11,0.1039015601215731
13,12,-0.002292115726225869
14,12,-0.2439817693343004
15,12,14.28655364682452
16,12,-2.548968991714557
17,12,24.08989945007047
88,12,5.985277592509739
89,12,-0.5201190624739382
12,13,314.1592653589793
13,13,-0.1529051987767584
14,14,-0.1639344262295081
16,14,25
15,15,-3.333333333333334
17,15,10.1010101010101
13,16,-0.005927747192306037
14,16,-1.085151135027099
15,16,0.333727717880871
16,16,-36.33698063611455
17,16,0.562729638385434
88,16,1.260387282942482
89,16,4.654060023077169
13,17,0.0008039102409759032
14,17,-0.02587668091218466
15,17,-13.99503333048814
16,17,-0.2703433843996547
17,17,-33.69934977523798
88,17,-4.654060023077169
89,17,1.260387282942482
19,18,3.578597607003024e-05
20,18,0.02384130635075591
21,18,2.98577180655955
22,18,0.2214335872784123
23,18,26.24557021778871
92,18,2.807507224725184
93,18,-0.02887350055131323
18,19,314.1592653589793
19,19,-0.1976284584980237
20,20,-0.2105263157894735
22,20,16.66666666666667
21,21,-0.6666666666666666
23,21,4.761904761904762
19,22,-0.00281412148191127
20,22,-1.774054707454313
21,22,0.03195805626585881
22,22,-33.14375446212246
23,22,0.2809181223785902
92,22,0.02498503439345393
93,22,2.270541342799642
19,23,-3.096658963550396e-05
20,23,-0.02069730492030032
21,23,-2.73926196564504
22,23,-0.1922326909469843
23,23,-28.84060096578392
92,23,-2.270541342799642
93,23,0.02498503439345393
25,24,4.856722885022447e-05
26,24,0.02357949376289478
27,24,2.930983646450664
28,24,0.2190019210067822
29,24,25.76397061929223
96,24,2.836323039630857
97,24,-0.02782364344853321
24,25,314.1592653589793
25,25,-0.1976284584980237
26,26,-0.2105263157894735
28,26,16.66666666666667
27,27,-0.6666666666666666
29,27,4.761904761904762
25,28,-0.003890598894311206
26,28,-1.774054707454313
27,28,0.03195805626585881
28,28,-33.14375446212246
29,28,0.2809181223785902
96,28,0.02432035495136823
97,28,2.228882293662279
25,29,-4.245210541267659e-05
26,29,-0.02069730492030032
27,29,-2.73926196564504
28,29,-0.1922326909469843
29,29,-28.84060096578392
96,29,-2.228882293662279
97,29,0.02432035495136823
30,30,-1000
31,30,-10000
31,31,-50
33,31,5
31,32,-10000
32,32,-1
31,33,-20
32,33,-0.002
33,33,-5.016572107950248
78,33,1
34,34,-1000
35,34,-1000
35,35,-50
37,35,0.5050505050505051
35,36,-1000
36,36,-1
35,37,-1
36,37,-0.001
37,37,-0.517095073031168
86,37,1
38,38,-1000
39,38,-1000
39,39,-50
41,39,0.5050505050505051
39,40,-1000
40,40,-1
39,41,-1
40,41,-0.001
41,41,-0.5104551470558628
82,41,1
42,42,-1000
43,42,-1000
43,43,-50
45,43,1.428571428571429
43,44,-1000
44,44,-1
43,45,-1
44,45,-0.001
45,45,-1.458847268985894
90,45,1
46,46,-1000
47,46,-1000
47,47,-50
49,47,1.428571428571429
47,48,-1000
48,48,-1
47,49,-1
48,49,-0.001
49,49,-1.486458982902938
94,49,1
3,50,0.05932504871802571
4,50,18.22629063706224
5,50,-18.71409670905828
50,50,22.13091885537899
51,50,-16.00329278792214
54,50,-4.138721893790931
64,50,-3.248270902963033
65,50,7.771931780263572
68,50,2.077568946210431
80,50,-18.30476748899154
81,50,-0.3524312701565593
13,51,0.002292115726225869
14,51,0.2439817693343004
15,51,-14.28655364682452
16,51,2.548968991714557
17,51,-24.08989945007047
50,51,-17.50024664413497
51,51,32.28615139781373
52,51,-4.71698819503712
53,51,-5.067491007235708
54,51,-5.255014608862211
64,51,3.201510744550803
65,51,-10.30132341610001
66,51,2.158125630852558
67,51,2.425646525659095
68,51,2.274641730987842
88,51,-5.985277592509739
89,51,0.5201190624739382
7,52,-8.62868087759883e-05
8,52,-0.02782801442358209
9,52,-14.13444626589517
10,52,-0.2907296969779129
11,52,-23.83341691391899
51,52,-5.183691869430742
52,52,9.678914049508167
53,52,-5.233862718192777
65,52,0.1918918274964074
66,52,-4.502526899767837
67,52,1.650335281714452
84,52,-5.301254957969743
85,52,0.1122075553487062
51,53,-5.516711249266582
52,53,-4.961925854471047
53,53,38.54320859140255
54,53,-21.82602606505313
56,53,-5.044629177586083
58,53,-1.865174526609492
65,53,1.062602074189748
66,53,2.344401268915279
67,53,-11.14192751761899
68,53,6.062060026468894
70,53,0.3537492942595308
72,53,0.2005135745403144
50,54,-4.630672211244019
51,54,-5.582455491194273
53,54,-21.33205116177849
54,54,35.73461411329005
55,54,-4.514851545583777
64,54,0.04676015841222978
65,54,1.274897734150281
67,54,7.620208579045285
68,54,-9.7241530152073
69,54,0.6901176884598692
25,55,-4.856722885022447e-05
26,55,-0.02357949376289478
27,55,-2.930983646450664
28,55,-0.2190019210067822
29,55,-25.76397061929223
54,55,-4.514851545583777
55,55,19.5069656786053
60,55,-4.472101288246702
61,55,-3.520033112954959
62,55,-6.701947944938167
68,55,-0.6901176884598691
69,55,-7.690154309208074
74,55,2.259523028251478
75,55,1.778090261892699
76,55,3.568963287184529
96,55,-2.836323039630857
97,55,0.02782364344853321
53,56,-5.044629177586083
56,56,20.99175762307594
57,56,-6.412182208373344
58,56,-9.534946237116515
67,56,-0.3537492942595306
70,56,1.776356839400251e-15
71,56,2.220446049250313e-16
72,56,0.3537492942595333
19,57,-3.578597607003024e-05
20,57,-0.02384130635075591
21,57,-2.98577180655955
22,57,-0.2214335872784123
23,57,-26.24557021778871
56,57,-6.412182208373343
57,57,6.412182208373344
71,57,-2.220446049250313e-16
92,57,-2.807507224725184
93,57,0.02887350055131323
53,58,-1.865174526609492
56,58,-9.534946237116515
58,58,14.51223528043028
63,58,-3.001845096705563
67,58,-0.2005135745403145
70,58,-0.3537492942595324
72,58,-1.874119478697416
77,58,1.554414439960131
59,59,4.539041090300569
60,59,-4.605016358158386
73,59,-2.030336239179266
74,59,1.875895414103689
55,60,-4.568519191272269
59,60,-4.539041090300569
60,60,9.077117646405085
69,60,2.057611879464519
73,60,2.030336239179266
74,60,-4.135418442355166
55,61,-3.587804378863738
61,61,5.961248111939987
62,61,-2.44323630930736
69,61,1.637039350395468
75,61,-4.478306702974535
76,61,2.698387636504488
55,62,-6.835790562885516
61,62,-2.441214998985027
62,62,11.55029913062771
63,62,-2.380721310264232
69,62,3.305385390888218
75,62,2.700216441081836
76,62,-7.417799371535708
77,62,1.20011467893761
58,63,-3.112114516704276
62,63,-2.405114876382187
63,63,5.382566406969795
72,63,1.319856609897568
76,63,1.150448447846691
77,63,-2.75452911889774
3,64,0.1655531062174816
4,64,50.86247875042068
5,64,5.968399822378027
30,64,1000
50,64,9.708655085999355
51,64,-7.332011113456199
54,64,-1.959970703972105
64,64,20.34956350042729
65,64,-15.09744602634164
68,64,-3.904454616783897
80,64,-0.3324823303363771
81,64,-27.37232968634925
13,65,0.005565375231548466
14,65,1.060052751817248
15,65,3.011097332379877
16,65,11.07476841952709
17,65,5.077293920184138
34,65,1000
50,65,-3.063646645503162
51,65,10.04184058956938
52,65,-2.065191991246468
53,65,-2.321192847520666
54,65,-2.176690651663007
64,65,-16.74664750634926
65,65,32.36995652525327
66,65,-4.513864301470929
67,65,-4.849273691134648
68,65,-5.028722113743743
88,65,0.2678286483502907
89,65,-3.91313341764001
7,66,0.003582652552181467
8,66,1.085109878669633
9,66,-0.3553403731885163
10,66,11.33654961548469
11,66,-0.5991727656840832
38,66,1000
51,66,-0.1899919084122849
52,66,1.846462276997863
53,66,-1.63399532843015
65,66,-5.132368187555191
66,66,10.2361066439555
67,66,-5.182042295240373
84,66,-0.1110965894541603
85,66,-4.06901118523055
51,67,-1.064642681532405
52,67,-2.348903426928787
53,67,9.822354085646989
54,67,-6.073701528496899
56,67,-0.3544286298498327
58,67,-0.200898638227322
65,67,-5.527305470524015
66,67,-4.971454672998977
67,67,38.5050113895936
68,67,-21.86794048450628
70,67,-5.054316818510946
72,67,-1.868756383756946
50,68,-0.04663909886374893
51,68,-1.271597092123049
53,68,-7.600480266712035
54,68,9.48672863110424
55,68,-0.6883310106854477
64,68,-4.61868364862809
65,68,-5.568002812586552
67,68,-21.27682362257626
68,68,35.59741509394058
69,68,-4.503162836474886
25,69,0.00389056572899186
26,69,1.774038572880205
27,69,-0.03402649834343493
28,69,16.47693794055391
29,69,-0.2991001688662645
46,69,1000
54,69,0.644969802298943
55,69,6.893975989914094
60,69,-2.111703764721007
61,69,-1.661766599899718
62,69,-3.335479707649093
68,69,-4.219487425779231
69,69,18.87835916780138
74,69,-4.179533914249253
75,69,-3.289750572855102
76,69,-6.263502752278662
96,69,-0.02600340509208227
97,69,-1.806957391297829
53,70,0.3413764201631369
56,70,2.422332295079735e-15
57,70,2.220446049250313e-16
58,70,-0.3413764201631393
67,70,-4.868186248398287
70,70,20.25754167311625
71,70,-6.187907207872188
72,70,-9.201448216845771
19,71,0.002814100346266668
20,71,1.774040604361692
21,71,-0.03377303650783943
22,71,16.47695680857341
23,71,-0.2968721853381741
42,71,1000
57,71,-1.249000902703301e-16
70,71,-5.882735970984717
71,71,6.493076794651291
92,71,-0.0264894500470775
93,71,-1.965353877916164
53,72,0.1979505648295284
56,72,0.3492275910359508
58,72,1.034722179247112
63,72,-1.53454556418283
67,72,-1.841333445351177
70,72,-9.41306840488706
72,72,13.86787779601597
77,72,-2.96347483598496
59,73,1.76735240707145
60,73,-1.864309011135348
73,73,4.349608918390146
74,73,-4.576573634326195
55,74,-1.993546788860775
59,74,-1.967120393461591
60,74,3.911710780528284
69,74,-4.426275360530986
73,74,-4.397715079498229
74,74,8.745664893141512
55,75,-1.565040110679465
61,75,4.11805664020675
62,75,-2.579708841006718
69,75,-3.430007813090574
75,75,5.656234595523318
76,75,-2.335779419725464
55,76,-3.188110921171195
61,76,-2.604413255128998
62,76,6.790028576128035
63,76,-1.157534829410834
69,76,-6.593257962732769
75,76,-2.354601136873693
76,76,10.98385855024128
77,76,-2.296253753175457
58,77,-1.323757265265121
62,77,-1.153848440603127
63,77,2.344236774854456
72,77,-3.121311944745314
76,77,-2.412222863857332
77,77,5.258060093664052
3,78,0.1351351351351351
78,78,-1
2,79,0.01579269871952799
79,79,-1
2,80,-0.01579269871952799
50,80,-1
80,80,-1
64,81,-1
81,81,-1
8,82,0.1639344262295082
82,82,-1
7,83,0.127420998980632
83,83,-1
7,84,-0.127420998980632
52,84,-1
84,84,-1
66,85,-1
85,85,-1
14,86,0.1639344262295082
86,86,-1
13,87,0.127420998980632
87,87,-1
13,88,-0.127420998980632
51,88,-1
88,88,-1
65,89,-1
89,89,-1
20,90,0.2105263157894737
90,90,-1
19,91,0.3952569169960475
91,91,-1
19,92,-0.3952569169960475
57,92,-1
92,92,-1
71,93,-1
93,93,-1
26,94,0.2105263157894737
94,94,-1
25,95,0.3952569169960475
95,95,-1
25,96,-0.3952569169960475
55,96,-1
96,96,-1
69,97,-1
97,97,-1
31,98,10000
98,98,-1
35,99,1000
99,99,-1
39,100,1000
100,100,-1
43,101,1000
101,101,-1
47,102,1000
102,102,-1
