# Unlabeled matrix
# 1 102 102
3,1,-0.05954656518885118
4,1,-18.29434660440499
5,1,18.70609413824795
80,1,18.3297350552822
81,1,0.3454228660179833
1,2,314.1592653589793
2,2,-0.1942501942501942
3,3,-0.1351351351351351
4,3,33.33333333333334
3,4,-0.1747573720900689
4,4,-87.02361633372502
80,4,9.11105125057245
81,4,26.83917854618185
5,5,-48.93939393939393
80,5,-15.43252766405456
81,5,5.238854469079158
7,6,8.76241158492407e-05
8,6,0.02784133862250118
9,6,14.13444190158136
10,6,0.2908688998781003
11,6,23.83340955483972
84,6,5.310488542810371
85,6,-0.1122075553487141
6,7,314.1592653589793
7,7,-0.1529051987767584
8,8,-0.1639344262295081
10,8,25
9,9,-3.333333333333334
11,9,10.1010101010101
7,10,-0.003638308546792817
8,10,-1.085151135027099
9,10,0.333727717880871
10,10,-36.33698063611455
11,10,0.562729638385434
84,10,0.1038449174142124
85,10,4.65905651295849
7,11,-8.109363977835236e-05
8,11,-0.02587668091218466
9,11,-13.99503333048814
10,11,-0.2703433843996547
11,11,-33.69934977523798
84,11,-4.65905651295849
85,11,0.1038449174142124
13,12,-0.00228809110158959
14,12,-0.2395905022231276
15,12,14.29890951960365
16,12,-2.503091778301211
17,12,24.11073384724037
88,12,6.013066059175828
89,12,-0.5201190624739021
12,13,314.1592653589793
13,13,-0.1529051987767584
14,14,-0.1639344262295081
16,14,25
15,15,-3.333333333333334
17,15,10.1010101010101
13,16,-0.006080617016820016
14,16,-1.085151135027099
15,16,0.333727717880871
16,16,-36.33698063611455
17,16,0.562729638385434
88,16,1.2419362130582
89,16,4.659017626506992
13,17,0.0007857805045837177
14,17,-0.02587668091218466
15,17,-13.99503333048814
16,17,-0.2703433843996547
17,17,-33.69934977523798
88,17,-4.659017626506992
89,17,1.2419362130582
19,18,2.161079304223609e-05
20,18,0.02356322913016282
21,18,2.985777069536115
22,18,0.2188508581447637
23,18,26.24561648047386
92,18,2.675746877795085
93,18,-0.02887350055131385
18,19,314.1592653589793
19,19,-0.1976284584980237
20,20,-0.2105263157894736
22,20,16.66666666666667
21,21,-0.6666666666666666
23,21,4.761904761904762
19,22,-0.001699417111248621
20,22,-1.774054707454313
21,22,0.03195805626585881
22,22,-33.14375446212246
23,22,0.2809181223785902
92,22,0.02531155007634354
93,22,2.270537726341224
19,23,-1.894479920458293e-05
20,23,-0.02069730492030032
21,23,-2.73926196564504
22,23,-0.1922326909469843
23,23,-28.84060096578392
92,23,-2.270537726341224
93,23,0.02531155007634354
25,24,7.201601861423552e-05
26,24,0.023759095209021
27,24,2.930980188529232
28,24,0.2206700255943003
29,24,25.76394022342622
96,24,3.054282883151078
97,24,-0.02782364344870623
24,25,314.1592653589793
25,25,-0.1976284584980237
26,26,-0.2105263157894735
28,26,16.66666666666667
27,27,-0.6666666666666666
29,27,4.761904761904762
25,28,-0.005769028561861549
26,28,-1.774054707454313
27,28,0.03195805626585881
28,28,-33.14375446212246
29,28,0.2809181223785902
96,28,0.02410946756391353
97,28,2.228884584773282
25,29,-6.240260618890043e-05
26,29,-0.02069730492030032
27,29,-2.73926196564504
28,29,-0.1922326909469843
29,29,-28.84060096578392
96,29,-2.228884584773282
97,29,0.02410946756391353
30,30,-1000
31,30,-10000
31,31,-50
33,31,5
31,32,-10000
32,32,-1
31,33,-20
32,33,-0.002
33,33,-5.016639716148137
78,33,1
34,34,-1000
35,34,-1000
35,35,-50
37,35,0.5050505050505051
35,36,-1000
36,36,-1
35,37,-1
36,37,-0.001
37,37,-0.5177419827958655
86,37,1
38,38,-1000
39,38,-1000
39,39,-50
41,39,0.5050505050505051
39,40,-1000
40,40,-1
39,41,-1
40,41,-0.001
41,41,-0.5105613494646194
82,41,1
42,42,-1000
43,42,-1000
43,43,-50
45,43,1.428571428571429
43,44,-1000
44,44,-1
43,45,-1
44,45,-0.001
45,45,-1.443294912339991
90,45,1
46,46,-1000
47,46,-1000
47,47,-50
49,47,1.428571428571429
47,48,-1000
48,48,-1
47,49,-1
48,49,-0.001
49,49,-1.6077084912621
94,49,1
3,50,0.05954656518885118
4,50,18.29434660440499
5,50,-18.70609413824795
50,50,22.11574955861783
51,50,-16.00198179139686
54,50,-4.11703915443338
64,50,-3.228460378050977
65,50,7.774630692247374
68,50,2.085370029016121
80,50,-18.3297350552822
81,50,-0.3454228660179833
13,51,0.00228809110158959
14,51,0.2395905022231276
15,51,-14.29890951960365
16,51,2.503091778301211
17,51,-24.11073384724037
50,51,-17.50078634347271
51,51,32.25836293114764
52,51,-4.71949554985635
53,51,-5.067067470258222
54,51,-5.229179102876507
64,51,3.198559208948706
65,51,-10.30132341610004
66,51,2.152636900535804
67,51,2.40688391808484
68,51,2.284910662507359
88,51,-6.013066059175828
89,51,0.5201190624739021
7,52,-8.76241158492407e-05
8,52,-0.02784133862250118
9,52,-14.13444190158136
10,52,-0.2908688998781003
11,52,-23.83340955483972
51,52,-5.183465134304258
52,52,9.669680464667536
53,52,-5.228975372417134
65,52,0.1979218838694444
66,52,-4.502526899767828
67,52,1.638331545802003
84,52,-5.310488542810371
85,52,0.1122075553487141
51,53,-5.505215157501493
52,53,-4.950184914811184
53,53,38.42741340240114
54,53,-21.67932426980129
56,53,-5.153161322886573
58,53,-1.702818538209147
65,53,1.077436315009063
66,53,2.349889999232024
67,53,-11.11041856940899
68,53,6.171833387250797
70,53,-2.220446049250313e-16
72,53,0.3807608197076622
50,54,-4.614963215145116
51,54,-5.567700847945034
53,54,-21.27539069863007
54,54,35.490598767527
55,54,-4.465056240415815
64,54,0.02990116910227044
65,54,1.25133452497416
67,54,7.445963925229815
68,54,-9.658436582167834
69,54,0.8836774966064438
25,55,-7.201601861423552e-05
26,55,-0.023759095209021
27,55,-2.930980188529232
28,55,-0.2206700255943003
29,55,-25.76394022342622
54,55,-4.465056240415815
55,55,19.28900583508508
60,55,-4.342825873201475
61,55,-3.494942583155454
62,55,-6.599171446307598
68,55,-0.8836774966064439
69,55,-7.690154309207901
74,55,2.221003569923364
75,55,1.787400758841951
76,55,3.583958632853285
96,55,-3.054282883151078
97,55,0.02782364344870623
53,56,-5.153161322886574
56,56,11.69710387819002
57,56,-6.543942555303443
67,56,2.220446049250313e-16
70,56,-4.440892098500626e-16
71,56,-4.440892098500626e-16
19,57,-2.161079304223609e-05
20,57,-0.02356322913016282
21,57,-2.985777069536115
22,57,-0.2188508581447637
23,57,-26.24561648047386
56,57,-6.543942555303444
57,57,6.543942555303443
70,57,6.661338147750939e-16
71,57,4.440892098500626e-16
92,57,-2.675746877795085
93,57,0.02887350055131385
53,58,-1.702818538209147
58,58,13.75955070375647
59,58,-9.338661228159291
63,58,-2.698383400799262
67,58,-0.3807608197076622
72,58,-5.155255140391673
73,58,3.482839188781735
77,58,1.322121202650723
58,59,-9.317099265450912
59,59,13.51351077656211
60,59,-4.261185731584459
72,59,3.540116329582056
73,59,-5.38577746785655
74,59,1.700834797006594
55,60,-4.457296739341549
59,60,-4.174849548402818
60,60,8.604011604785933
69,60,1.981287258328705
73,60,1.902938279074814
74,60,-3.921838366929958
55,61,-3.579394489828933
61,61,5.906712906571305
62,61,-2.396771418879109
69,61,1.611632780271105
75,61,-4.437967555601743
76,61,2.664137234197797
55,62,-6.787258365498784
61,62,-2.411770323415852
62,62,11.29968923507858
63,62,-2.208987302987754
69,62,3.213556774001648
75,62,2.650566796759792
76,62,-7.259843752283281
77,62,1.204680959964384
58,63,-2.739632900096413
62,63,-2.303746369891875
63,63,4.907370703787015
72,63,1.234377991101955
76,63,1.0117478852322
77,63,-2.526802162615107
3,64,0.1654823119667105
4,64,50.8407288046917
5,64,5.990685499232883
30,64,1000
50,64,9.727344260444692
51,64,-7.334557256837146
54,64,-1.967330216052944
64,64,20.36387415774914
65,64,-15.09620923716685
68,64,-3.883999202295642
80,64,-0.3258706283188526
81,64,-27.34877537852787
13,65,0.005726882008115069
14,65,1.060969549336398
15,65,2.956902575450713
16,65,11.08434654683705
17,65,4.985911052249802
34,65,1000
50,65,-3.060822209520294
51,65,10.04184058956935
52,65,-2.059939617737612
53,65,-2.303238199124249
54,65,-2.186517380389818
64,65,-16.74716396504566
65,65,32.39654835938351
66,65,-4.516263684073063
67,65,-4.848868392591601
68,65,-5.003999141508619
88,65,0.2678286483502561
89,65,-3.88654158350978
7,66,0.003638177917728909
8,66,1.085109543618656
9,66,-0.3555105120185556
10,66,11.33654611508156
11,66,-0.5994596527395286
38,66,1000
51,66,-0.1959622612568758
52,66,1.846462276997871
53,66,-1.622110441388122
65,66,-5.132143697330949
66,66,10.24524880716404
67,66,-5.177203339026866
84,66,-0.1110965894541525
85,66,-4.059869022022006
51,67,-1.081133019536123
52,67,-2.357952516595921
53,67,9.805546551323472
54,67,-6.193009065205107
56,67,2.220446049250313e-16
58,67,-0.3820672173353759
65,67,-5.524103655607298
66,67,-4.967169093578365
67,67,38.44687431587505
68,67,-21.75370644446476
70,67,-5.170841917577524
72,67,-1.708660941060499
50,68,-0.02992617198498697
51,68,-1.252380871030396
53,68,-7.45219012200817
54,68,9.453534873463399
55,68,-0.8844164136946443
64,68,-4.618822174091317
65,68,-5.572356470968517
67,68,-21.29318084243901
68,68,35.47543798151114
69,68,-4.468789849530554
25,69,0.005768973453873573
26,69,1.774036479901621
27,69,-0.03428567304712213
28,69,16.47691850136089
29,69,-0.3013783697218533
46,69,1000
54,69,0.8258668192583587
55,69,6.893975989914255
60,69,-2.075704270956415
61,69,-1.670467998917711
62,69,-3.349494049395593
68,69,-4.172949757397958
69,69,19.08205995613804
74,69,-4.058715769347173
75,69,-3.266301479584536
76,69,-6.167449949820184
96,69,-0.02600340509192057
97,69,-1.603256602961175
53,70,-2.220446049250313e-16
56,70,-6.150618735033858e-16
57,70,4.440892098500626e-16
67,70,-4.872794011215063
70,70,11.06070121908726
71,70,-6.187907207872189
19,71,0.001699407054435333
20,71,1.77404373143728
21,71,-0.03337911882627786
22,71,16.47698585226569
23,71,-0.2934095650037133
42,71,1000
56,71,-4.440892098500626e-16
57,71,3.191891195797325e-16
70,71,-6.003617023214168
71,71,6.372195742421843
92,71,-0.02648945004707694
93,71,-2.086234930145612
53,72,0.4035177285349079
58,72,4.58800146990006
59,72,-3.690997827425063
63,72,-1.401140340413876
67,72,-1.804590790546247
72,72,14.08933726305338
73,72,-9.896804427611695
77,72,-2.859657517921103
58,73,-3.712000085778906
59,73,5.383038473005023
60,73,-1.783415663385727
72,73,-9.769473670558014
73,73,13.99934909870415
74,73,-4.468079669864626
55,74,-1.971819480180949
59,74,-1.893844899314046
60,74,3.805565775119334
69,74,-4.435997103718595
73,74,-4.154899614763271
74,74,8.512737321314054
55,75,-1.547874250499442
61,75,4.09835221940044
62,75,-2.558740102021184
69,75,-3.437788453430309
75,75,5.630007131789503
76,75,-2.301951666056281
55,76,-3.133969475854013
61,76,-2.584922569895469
62,76,6.711407258069259
63,76,-1.174845699697899
69,76,-6.619164383307414
75,76,-2.352040156099001
76,76,10.86146191312815
77,76,-2.154279282108973
58,77,-1.297410102978652
62,77,-1.06341164329713
63,77,2.217326603983986
72,77,-2.879529146387872
76,77,-2.421384564974182
77,77,5.010811080822986
3,78,0.1351351351351351
78,78,-1
2,79,0.01579269871952799
79,79,-1
2,80,-0.01579269871952799
50,80,-1
80,80,-1
64,81,-1
81,81,-1
8,82,0.1639344262295082
82,82,-1
7,83,0.127420998980632
83,83,-1
7,84,-0.127420998980632
52,84,-1
84,84,-1
66,85,-1
85,85,-1
14,86,0.1639344262295082
86,86,-1
13,87,0.127420998980632
87,87,-1
13,88,-0.127420998980632
51,88,-1
88,88,-1
65,89,-1
89,89,-1
20,90,0.2105263157894737
90,90,-1
19,91,0.3952569169960475
91,91,-1
19,92,-0.3952569169960475
57,92,-1
92,92,-1
71,93,-1
93,93,-1
26,94,0.2105263157894737
94,94,-1
25,95,0.3952569169960475
95,95,-1
25,96,-0.3952569169960475
55,96,-1
96,96,-1
69,97,-1
97,97,-1
31,98,10000
98,98,-1
35,99,1000
99,99,-1
39,100,1000
100,100,-1
43,101,1000
101,101,-1
47,102,1000
102,102,-1
