# Unlabeled matrix
# 1 102 102
3,1,-0.05931678139845589
4,1,-18.22375068854934
5,1,18.71439473329237
80,1,18.30262515512312
81,1,0.3531006717902649
1,2,314.1592653589793
2,2,-0.1942501942501942
3,3,-0.1351351351351351
4,3,33.33333333333334
3,4,-0.1747573720900689
4,4,-87.02361633372502
80,4,9.075892683756672
81,4,26.8510880955934
5,5,-48.93939393939393
80,5,-15.43937565496621
81,5,5.218638293160086
7,6,8.651615826266313e-05
8,6,0.02783031384361581
9,6,14.13444551287415
10,6,0.2907537198808571
11,6,23.83341564417955
84,6,5.30283852690881
85,6,-0.1122075553487045
6,7,314.1592653589793
7,7,-0.1529051987767584
8,8,-0.1639344262295081
10,8,25
9,9,-3.333333333333334
11,9,10.1010101010101
7,10,-0.003592303379036242
8,10,-1.085151135027099
9,10,0.333727717880871
10,10,-36.33698063611455
11,10,0.562729638385434
84,10,0.1038917850239768
85,10,4.659055468098467
7,11,-8.010439303656697e-05
8,11,-0.02587668091218466
9,11,-13.99503333048814
10,11,-0.2703433843996547
11,11,-33.69934977523798
84,11,-4.659055468098467
85,11,0.1038917850239768
13,12,-0.002292032456030326
14,12,-0.2438895120784807
15,12,14.28681565313313
16,12,-2.548005145583812
17,12,24.09034124350686
88,12,5.985852540800025
89,12,-0.5201190624739407
12,13,314.1592653589793
13,13,-0.1529051987767584
14,14,-0.1639344262295081
16,14,25
15,15,-3.333333333333334
17,15,10.1010101010101
13,16,-0.005930906629272191
14,16,-1.085151135027099
15,16,0.333727717880871
16,16,-36.33698063611455
17,16,0.562729638385434
88,16,1.259999677685427
89,16,4.654164974905896
13,17,0.0008035304445045334
14,17,-0.02587668091218466
15,17,-13.99503333048814
16,17,-0.2703433843996547
17,17,-33.69934977523798
88,17,-4.654164974905896
89,17,1.259999677685427
19,18,3.593511450751995e-05
20,18,0.02384355747289804
21,18,2.985771763702121
22,18,0.2214544952791736
23,18,26.24556984106279
92,18,2.80889348776151
93,18,-0.02887350055131348
18,19,314.1592653589793
19,19,-0.1976284584980237
20,20,-0.2105263157894735
22,20,16.66666666666667
21,21,-0.6666666666666666
23,21,4.761904761904762
19,22,-0.002825849399442079
20,22,-1.774054707454313
21,22,0.03195805626585881
22,22,-33.14375446212246
23,22,0.2809181223785902
92,22,0.02498239114232716
93,22,2.270541371884436
19,23,-3.10923535154913e-05
20,23,-0.02069730492030032
21,23,-2.73926196564504
22,23,-0.1922326909469843
23,23,-28.84060096578392
92,23,-2.270541371884436
93,23,0.02498239114232716
25,24,4.780232653243551e-05
26,24,0.02357169299486455
27,24,2.93098379604657
28,24,0.2189294689346076
29,24,25.76397193427211
96,24,2.829213163549473
97,24,-0.02782364344853404
24,25,314.1592653589793
25,25,-0.1976284584980237
26,26,-0.2105263157894735
28,26,16.66666666666667
27,27,-0.6666666666666666
29,27,4.761904761904762
25,28,-0.003829324316302254
26,28,-1.774054707454313
27,28,0.03195805626585881
28,28,-33.14375446212246
29,28,0.2809181223785902
96,28,0.02432951457525055
97,28,2.228882193698607
25,29,-4.179924898236656e-05
26,29,-0.02069730492030032
27,29,-2.73926196564504
28,29,-0.1922326909469843
29,29,-28.84060096578392
96,29,-2.228882193698607
97,29,0.02432951457525055
30,30,-1000
31,30,-10000
31,31,-50
33,31,5
31,32,-10000
32,32,-1
31,33,-20
32,33,-0.002
33,33,-5.016565660102426
78,33,1
34,34,-1000
35,34,-1000
35,35,-50
37,35,0.5050505050505051
35,36,-1000
36,36,-1
35,37,-1
36,37,-0.001
37,37,-0.5171081277334984
86,37,1
38,38,-1000
39,38,-1000
39,39,-50
41,39,0.5050505050505051
39,40,-1000
40,40,-1
39,41,-1
40,41,-0.001
41,41,-0.510473224240646
82,41,1
42,42,-1000
43,42,-1000
43,43,-50
45,43,1.428571428571429
43,44,-1000
44,44,-1
43,45,-1
44,45,-0.001
45,45,-1.459072991275478
90,45,1
46,46,-1000
47,46,-1000
47,47,-50
49,47,1.428571428571429
47,48,-1000
48,48,-1
47,49,-1
48,49,-0.001
49,49,-1.484318652128964
94,49,1
3,50,0.05931678139845589
4,50,18.22375068854934
5,50,-18.71439473329237
50,50,22.13269621034421
51,50,-16.0025254992685
54,50,-4.141337039091336
64,50,-3.249418471164386
65,50,7.773511516572995
68,50,2.075681332667312
80,50,-18.30262515512312
81,50,-0.3531006717902649
13,51,0.002292032456030326
14,51,0.2438895120784807
15,51,-14.28681565313313
16,51,2.548005145583812
17,51,-24.09034124350686
50,51,-17.50056259782666
51,51,32.28557644952347
52,51,-4.716121628442938
53,51,-5.064550260741955
54,51,-5.258334997496712
64,51,3.199783182120668
65,51,-10.30132341610001
66,51,2.160018670381123
67,51,2.428333102183239
68,51,2.27160900714173
88,51,-5.985852540800025
89,51,0.5201190624739407
7,52,-8.651615826266313e-05
8,52,-0.02783031384361581
9,52,-14.13444551287415
10,52,-0.2907537198808571
11,52,-23.83341564417955
51,52,-5.183768469734182
52,52,9.677330480569097
53,52,-5.232050568514918
65,52,0.1898112822043329
66,52,-4.502526899767838
67,52,1.65123739288516
84,52,-5.30283852690881
85,52,0.1122075553487045
51,53,-5.515944082593959
52,53,-4.961208852126161
53,53,38.52277785364853
54,53,-21.83556578697128
56,53,-5.040384675533121
58,53,-1.863024718938345
65,53,1.058693476147353
66,53,2.342508229386715
67,53,-11.13636812380186
68,53,6.032413474363072
70,53,0.3785742021724596
72,53,0.214564519368889
50,54,-4.632133612517551
51,54,-5.583338397926818
53,54,-21.32276762992019
54,54,35.75761784998098
55,54,-4.522380026421638
64,54,0.04963528904371744
65,54,1.279307141175328
67,54,7.649936350274807
68,54,-9.730348213780495
69,54,0.6493556003916217
25,55,-4.780232653243551e-05
26,55,-0.02357169299486455
27,55,-2.93098379604657
28,55,-0.2189294689346076
29,55,-25.76397193427211
54,55,-4.522380026421638
55,55,19.51407555468668
60,55,-4.51433091822991
61,55,-3.518416102905713
62,55,-6.69197585647584
68,55,-0.6493556003916217
69,55,-7.690154309208074
74,55,2.212976739671404
75,55,1.782513116190267
76,55,3.584662584804103
96,55,-2.829213163549473
97,55,0.02782364344853404
53,56,-5.040384675533121
56,56,20.98268210054416
57,56,-6.410795945337019
58,56,-9.531501479674022
67,56,-0.3785742021724599
70,56,3.552713678800501e-15
72,56,0.3785742021724627
19,57,-3.593511450751995e-05
20,57,-0.02384355747289804
21,57,-2.985771763702121
22,57,-0.2214544952791736
23,57,-26.24556984106279
56,57,-6.410795945337019
57,57,6.410795945337019
92,57,-2.80889348776151
93,57,0.02887350055131348
53,58,-1.863024718938345
56,58,-9.53150147967402
58,58,25.14555519619353
59,58,-10.60538696632772
63,58,-3.012004134909101
67,58,-0.214564519368889
70,58,-0.3785742021724623
72,58,-5.877379736222981
73,58,4.057758385993306
77,58,1.533561595996095
58,59,-10.64849075550003
59,59,15.21171553820981
60,59,-4.624556295226488
72,59,3.943257594259245
73,59,-6.050754573412147
74,59,1.950327097561942
55,60,-4.558866167461701
59,60,-4.60632857188209
60,60,9.138887213456398
69,60,2.119714357357199
73,60,1.99299618741884
74,60,-4.163303837233346
55,61,-3.590246921552181
61,61,5.962915632949987
62,61,-2.439735176905031
69,61,1.633013142893114
75,61,-4.479540151630589
76,61,2.701337640661543
55,62,-6.842582439251164
61,62,-2.444499530044275
62,62,11.54607015406722
63,62,-2.369504021201562
69,62,3.288071208566138
75,62,2.697027035440322
76,62,-7.415133911698407
77,62,1.220460379748794
58,63,-3.102538242081133
62,63,-2.414359120686349
63,63,5.381508156110662
72,63,1.340983420422385
76,63,1.129133686232761
77,63,-2.754021975744889
3,64,0.1655557426705495
4,64,50.86328874149369
5,64,5.967568088233374
30,64,1000
50,64,9.707572474488645
51,64,-7.33350143072924
54,64,-1.958189936478596
64,64,20.34788675046011
65,64,-15.09672216912123
68,64,-3.906921734991827
80,64,-0.3331138413115706
81,64,-27.37435075603644
13,65,0.005568716835321437
14,65,1.060072192510595
15,65,3.009958740846381
16,65,11.07497152373711
17,65,5.075374034098615
34,65,1000
50,65,-3.061993475713559
51,65,10.04184058956938
52,65,-2.067003512326434
53,65,-2.32376373414664
54,65,-2.173788523580603
64,65,-16.74694985437958
65,65,32.37050671500475
66,65,-4.513035051141567
67,65,-4.846459579657373
68,65,-5.03189951913561
88,65,0.267828648350293
89,65,-3.912583227888541
7,66,0.003592175207328829
8,66,1.085109820859759
9,66,-0.3553697348512084
10,66,11.33654901152328
11,66,-0.5992222751402773
38,66,1000
51,66,-0.1879319625785472
52,66,1.846462276997861
53,66,-1.634888507807089
65,66,-5.132444029439784
66,66,10.23767453399417
67,66,-5.180248087638533
84,66,-0.111096589454162
85,66,-4.067443295191872
51,67,-1.061008230247191
52,67,-2.347629948420641
53,67,9.819390648258333
54,67,-6.04560289522596
56,67,-0.3794019263497739
58,67,-0.2150336486419778
65,67,-5.528004281761452
66,67,-4.972056164204066
67,67,38.49476014646313
68,67,-21.88330761835727
70,67,-5.051405099626891
72,67,-1.867098083139998
50,68,-0.04949084893488282
51,68,-1.275584320854052
53,68,-7.627674816992735
54,68,9.489851876631583
55,68,-0.6474659570471386
64,68,-4.618653971398921
65,68,-5.567090723713677
67,68,-21.26071776708148
68,68,35.60889252998335
69,68,-4.509219771373406
25,69,0.003829291845057437
26,69,1.774038663426226
27,69,-0.03401524140878115
28,69,16.47693878152839
29,69,-0.2990012180126715
46,69,1000
54,69,0.6068743928893662
55,69,6.893975989914094
60,69,-2.068202560440565
61,69,-1.665900108589034
62,69,-3.35015194841505
68,69,-4.226523389179102
69,69,18.87171442380009
74,69,-4.219000858158795
75,69,-3.288239348510012
76,69,-6.254183043435365
96,69,-0.0260034050920815
97,69,-1.813602135299123
53,70,0.3654120415486533
56,70,2.365407620189442e-15
58,70,-0.3654120415486548
67,70,-4.865142008905459
70,70,20.25316215295983
71,70,-6.187907207872188
72,70,-9.200112936182169
19,71,0.002825828139516369
20,71,1.774040578897315
21,71,-0.03377622539477251
22,71,16.47695657206505
23,71,-0.2969002163336222
42,71,1000
56,71,2.220446049250313e-16
57,71,1.387778780781446e-17
70,71,-5.881464170033961
71,71,6.494348595602048
92,71,-0.02648945004707728
93,71,-1.964082076965408
53,72,0.2118313808007631
56,72,0.3737518962483581
58,72,4.987034891045724
59,72,-4.006070362374512
63,72,-1.514026976027509
67,72,-1.83929337357109
70,72,-9.410088515485578
72,72,24.36636992823031
73,72,-10.47029477013038
77,72,-2.973637005559437
58,73,-3.895777054503133
59,73,5.728932100373702
60,73,-1.926843320233262
72,73,-10.52027288573794
73,73,14.86810758827661
74,73,-4.568872276675545
55,74,-2.046744128915507
59,74,-1.924388175884357
60,74,3.925357552179329
69,74,-4.401929217669308
73,74,-4.447757749827179
74,74,8.775620064232497
55,75,-1.560971850380622
61,75,4.118657658433992
62,75,-2.582166612557551
69,75,-3.431861160976252
75,75,5.657034635965013
76,75,-2.332104888503895
55,76,-3.171995898447348
61,76,-2.601816734421929
62,76,6.788709394911846
63,76,-1.177375754118434
69,76,-6.601025967913117
75,76,-2.358203941221288
76,76,10.9818044523814
77,76,-2.285855919733397
58,77,-1.345080488306697
62,77,-1.132583495747559
63,77,2.343961600383326
72,77,-3.112017337495659
76,77,-2.421735642322571
77,77,5.257522384478227
3,78,0.1351351351351351
78,78,-1
2,79,0.01579269871952799
79,79,-1
2,80,-0.01579269871952799
50,80,-1
80,80,-1
64,81,-1
81,81,-1
8,82,0.1639344262295082
82,82,-1
7,83,0.127420998980632
83,83,-1
7,84,-0.127420998980632
52,84,-1
84,84,-1
66,85,-1
85,85,-1
14,86,0.1639344262295082
86,86,-1
13,87,0.127420998980632
87,87,-1
13,88,-0.127420998980632
51,88,-1
88,88,-1
65,89,-1
89,89,-1
20,90,0.2105263157894737
90,90,-1
19,91,0.3952569169960475
91,91,-1
19,92,-0.3952569169960475
57,92,-1
92,92,-1
71,93,-1
93,93,-1
26,94,0.2105263157894737
94,94,-1
25,95,0.3952569169960475
95,95,-1
25,96,-0.3952569169960475
55,96,-1
96,96,-1
69,97,-1
97,97,-1
31,98,10000
98,98,-1
35,99,1000
99,99,-1
39,100,1000
100,100,-1
43,101,1000
101,101,-1
47,102,1000
102,102,-1
