# Unlabeled matrix
# 1 102 102
3,1,-0.05877905489555769
4,1,-18.05854628102062
5,1,18.73894382250989
80,1,18.28213694247077
81,1,0.3595285256976599
1,2,376.9911184307751
2,2,-0.1942501942501942
3,3,-0.1351351351351351
4,3,33.33333333333334
3,4,-0.1747573720900689
4,4,-87.02361633372502
80,4,8.993616674869195
81,4,26.88631070186203
5,5,-48.93939393939393
80,5,-15.45962865357066
81,5,5.171329588049786
7,6,9.332750516449205e-05
8,6,0.02988696142617074
9,6,14.13584890958453
10,6,0.3122402880335548
11,6,23.83578204313603
84,6,5.305294663988894
85,6,-0.1111446473271092
6,7,376.9911184307751
7,7,-0.1529051987767584
8,8,-0.1639344262295081
10,8,25
9,9,-3.333333333333333
11,9,10.1010101010101
7,10,-0.003598137754782218
8,10,-1.085151135027099
9,10,0.333727717880871
10,10,-36.33698063611455
11,10,0.562729638385434
84,10,0.0951813701327391
85,10,4.659934210020599
7,11,-8.008819986928469e-05
8,11,-0.02587668091218466
9,11,-13.99503333048814
10,11,-0.2703433843996547
11,11,-33.69934977523798
84,11,-4.659934210020599
85,11,0.0951813701327391
13,12,-0.002282662898981195
14,12,-0.2429026174145908
15,12,14.29660111487042
16,12,-2.537694687129447
17,12,24.10684142928651
88,12,5.988902732113339
89,12,-0.5186491151251824
12,13,376.9911184307751
13,13,-0.1529051987767584
14,14,-0.1639344262295081
16,14,25
15,15,-3.333333333333333
17,15,10.1010101010101
13,16,-0.005915674187615141
14,16,-1.085151135027099
15,16,0.333727717880871
16,16,-36.33698063611455
17,16,0.562729638385434
88,16,1.255963087028132
89,16,4.657586556131508
13,17,0.0008026660311495931
14,17,-0.02587668091218466
15,17,-13.99503333048814
16,17,-0.2703433843996547
17,17,-33.69934977523798
88,17,-4.657586556131508
89,17,1.255963087028132
19,18,4.44631792680803e-05
20,18,0.02717776344478313
21,18,2.977673351255063
22,18,0.2524219757610564
23,18,26.17438307050486
92,18,2.80873755107099
93,18,-0.02794686955086376
18,19,376.9911184307751
19,19,-0.1976284584980237
20,20,-0.2105263157894735
22,20,16.66666666666667
21,21,-0.6666666666666666
23,21,4.761904761904762
19,22,-0.002944897190512353
20,22,-1.774054707454313
21,22,0.03195805626585881
22,22,-33.14375446212246
23,22,0.2809181223785902
92,22,0.02092484127551726
93,22,2.264476011423949
19,23,-3.375791254674073e-05
20,23,-0.02069730492030032
21,23,-2.73926196564504
22,23,-0.1922326909469843
23,23,-28.84060096578392
92,23,-2.264476011423949
93,23,0.02092484127551726
25,24,5.092429419309034e-05
26,24,0.02621559227721509
27,24,2.951955967158307
28,24,0.2434855101967987
29,24,25.94832178589952
96,24,2.834193781038606
97,24,-0.02754319408404353
24,25,376.9911184307751
25,25,-0.1976284584980237
26,26,-0.2105263157894735
28,26,16.66666666666667
27,27,-0.6666666666666666
29,27,4.761904761904762
25,28,-0.003550880303838044
26,28,-1.774054707454313
27,28,0.03195805626585881
28,28,-33.14375446212246
29,28,0.2809181223785902
96,28,0.02159803256046517
97,28,2.244898398412573
25,29,-3.999065929932531e-05
26,29,-0.02069730492030032
27,29,-2.73926196564504
28,29,-0.1922326909469843
29,29,-28.84060096578392
96,29,-2.244898398412573
97,29,0.02159803256046517
30,30,-1000
31,30,-10000
31,31,-50
33,31,5
31,32,-10000
32,32,-1
31,33,-20
32,33,-0.002
33,33,-5.01528191226936
78,33,1
34,34,-1000
35,34,-1000
35,35,-50
37,35,0.5050505050505051
35,36,-1000
36,36,-1
35,37,-1
36,37,-0.001
37,37,-0.5170509948964741
86,37,1
38,38,-1000
39,38,-1000
39,39,-50
41,39,0.5050505050505051
39,40,-1000
40,40,-1
39,41,-1
40,41,-0.001
41,41,-0.5104909190871743
82,41,1
42,42,-1000
43,42,-1000
43,43,-50
45,43,1.428571428571429
43,44,-1000
44,44,-1
43,45,-1
44,45,-0.001
45,45,-1.461335790328276
90,45,1
46,46,-1000
47,46,-1000
47,47,-50
49,47,1.428571428571429
47,48,-1000
48,48,-1
47,49,-1
48,49,-0.001
49,49,-1.475900004925437
94,49,1
3,50,0.05877905489555769
4,50,18.05854628102062
5,50,-18.73894382250989
50,50,22.14933227041292
51,50,-16.02379358092279
54,50,-4.155677520730582
64,50,-3.289347065607213
65,50,7.758993071591652
68,50,2.065470889434047
80,50,-18.28213694247077
81,50,-0.3595285256976599
13,51,0.002282662898981195
14,51,0.2429026174145908
15,51,-14.29660111487042
16,51,2.537694687129447
17,51,-24.10684142928651
50,51,-17.50912056923427
51,51,32.31825625906814
52,51,-4.720383004041949
53,51,-5.069461318108912
54,51,-5.273610323844561
64,51,3.224070579414664
65,51,-10.312896204112
66,51,2.158377596650044
67,51,2.4214829790249
68,51,2.265102660277247
88,51,-5.988902732113339
89,51,0.5186491151251824
7,52,-9.332750516449205e-05
8,52,-0.02988696142617074
9,52,-14.13584890958453
10,52,-0.3122402880335548
11,52,-23.83578204313603
51,52,-5.186837790504973
52,52,9.679326800794618
53,52,-5.233157022061605
65,52,0.1931923641306792
66,52,-4.504961415020811
67,52,1.646707860684045
84,52,-5.305294663988894
85,52,0.1111446473271092
51,53,-5.515819986547317
52,53,-4.95894379675267
53,53,38.50703400694498
54,53,-21.86829128584907
56,53,-5.013058961217432
58,53,-1.845021473488501
65,53,1.067121244055712
66,53,2.346583818370768
67,53,-11.13181680942781
68,53,6.026893276762681
70,53,0.3893722849215187
72,53,0.2203047168562585
50,54,-4.640211701178655
51,54,-5.591804901093065
53,54,-21.34633523206853
54,54,35.86729391940497
55,54,-4.569714788980765
64,54,0.06527648619254878
65,54,1.293589524333966
67,54,7.673302971496637
68,54,-9.760193220533756
69,54,0.5972736059402126
25,55,-5.092429419309034e-05
26,55,-0.02621559227721509
27,55,-2.951955967158307
28,55,-0.2434855101967987
29,55,-25.94832178589952
54,55,-4.569714788980765
55,55,12.74312148825206
60,55,-4.532536712617485
61,55,-3.400465356976127
68,55,-0.5972736059402126
69,55,-4.202505077346362
74,55,2.260220015902816
75,55,1.84631779370724
96,55,-2.834193781038606
97,55,0.02754319408404353
53,56,-5.013058961217432
56,56,20.77236221732721
57,56,-6.361432920442303
58,56,-9.397870335667481
67,56,-0.3893722849215191
70,56,1.4210854715202e-14
71,56,0.0007715513988073575
72,56,0.3886007335227273
19,57,-4.44631792680803e-05
20,57,-0.02717776344478313
21,57,-2.977673351255063
22,57,-0.2524219757610564
23,57,-26.17438307050486
56,57,-6.361432920442303
57,57,6.361432920442303
70,57,-0.0007715513988078015
71,57,-0.0007715513988073575
92,57,-2.80873755107099
93,57,0.02794686955086376
53,58,-1.845021473488501
56,58,-9.397870335667481
58,58,24.6961897434178
59,58,-10.45779209721265
63,58,-2.859460058966072
67,58,-0.2203047168562585
70,58,-0.3886007335227264
72,58,-5.772347598905002
73,58,3.960951004689333
77,58,1.500296517142027
58,59,-10.47369679877542
59,59,15.02181897882934
60,59,-4.610680917011285
72,59,3.918701797457184
73,59,-5.975219537783852
74,59,1.905056582110488
55,60,-4.607052329915422
59,60,-4.564026881616691
60,60,9.143217629628769
69,60,2.104174992944723
73,60,2.014268533094518
74,60,-4.165276598013303
55,61,-3.566354369355873
61,61,5.657409611609905
62,61,-2.166595888555253
69,61,1.501056478461424
75,61,-4.250033887682196
76,61,2.48545985376029
61,62,-2.256944254633779
62,62,4.314252592339806
63,62,-2.14196696385532
75,62,2.403716093974957
76,62,-3.533091780430847
77,62,1.05921645419745
58,63,-2.979601135486391
62,63,-2.147656703784553
63,63,5.001427022821392
72,63,1.244740351068833
76,63,1.047631926670557
77,63,-2.559512971339478
3,64,0.1657310325558711
4,64,50.91714262724089
5,64,5.911976059708058
30,64,1000
50,64,9.673915892831088
51,64,-7.31795545365564
54,64,-1.948065144566524
64,64,20.34789030854865
65,64,-15.11296717780308
68,64,-3.919459998979751
80,64,-0.3390921619722804
81,64,-27.4093180313624
13,65,0.005556299819809042
14,65,1.060303435910157
15,65,2.996380619077265
16,65,11.0773874102053
17,65,5.052478688151306
34,65,1000
50,65,-3.083795832421497
51,65,10.62636331067908
52,65,-2.06446964276748
53,65,-2.316127682400889
54,65,-2.166551249953709
64,65,-16.747323518759
65,65,32.72363180860373
66,65,-4.515005821597313
67,65,-4.848896232366132
68,65,-5.04416300385067
88,65,0.2660831954054989
89,65,-3.916836921569089
7,66,0.003597842903442756
8,66,1.08505632035935
9,66,-0.3815746949733827
10,66,11.33599007174283
11,66,-0.6434089187523003
38,66,1000
51,66,-0.1912511483960948
52,66,4.457524636096082
53,66,-1.630161579345199
65,66,-5.134719938037199
66,66,10.76687797223344
67,66,-5.18057374943338
84,66,-0.1121983419045088
85,66,-4.067176553245232
51,67,-1.06967302913235
52,67,-2.352195155978519
53,67,11.15843609394523
54,67,-6.041305262661944
56,67,-0.3903033828557545
58,67,-0.220831526993268
65,67,-5.529009853402185
66,67,-4.970802017031697
67,67,38.59911508514664
68,67,-21.92058448089664
70,67,-5.025046585975913
72,67,-1.849433435379759
50,68,-0.0649869418088711
51,68,-1.287851599341336
53,68,-7.63926679845416
54,68,9.716900309173958
55,68,-0.5946243025201601
64,68,-4.619629293706708
65,68,-5.567001548489844
67,68,-21.2516501189588
68,68,35.7081987517906
69,68,-4.549445081934103
25,69,0.003550791074705978
26,69,1.774008659901231
27,69,-0.03756113030401977
28,69,16.47666011440869
29,69,-0.3301703367577835
46,69,1000
54,69,0.5542245289361403
55,69,3.898341590736083
60,69,-2.097312456380613
61,69,-1.713242640067774
68,69,-4.240348143810154
69,69,12.59478255245821
74,69,-4.205849713519141
75,69,-3.155373503684356
96,69,-0.02682183067471528
97,69,-1.859782543586839
53,70,0.3777325683360706
56,70,1.623259431771169e-14
57,70,-0.0007484869949938577
58,70,-0.3769840813410923
67,70,-4.863200874768175
70,70,20.15140274387959
71,70,-6.171267160991255
72,70,-9.116934708120155
19,71,0.002944806631024293
20,71,1.773999277212422
21,71,-0.03860319199747055
22,71,16.47657296975266
23,71,-0.3393302810263459
42,71,1000
56,71,0.0007097539307969747
57,71,-0.0007097539307968637
70,71,-5.851913466510418
71,71,6.490619300581892
92,71,-0.02712797076872806
93,71,-1.945065669073294
53,72,0.2194683116267189
56,72,0.3871253784311097
58,72,5.750432399869181
59,72,-3.945912923882226
63,72,-1.494600516299631
67,72,-1.838016695601494
70,72,-9.362190537216259
72,72,24.60242859955373
73,72,-10.41808821740307
77,72,-2.848603880391654
58,73,-3.895910745061244
59,73,5.940467839746659
60,73,-1.893976830033338
72,73,-10.41278209159486
73,73,14.93445252914161
74,73,-4.583865334761892
55,74,-2.031258506379034
59,74,-1.944467596895987
60,74,4.020936257442893
69,74,-4.447403027719513
73,74,-4.405868550719927
74,74,8.826375490693827
55,75,-1.473068507433389
61,75,4.170789817240199
62,75,-2.439117174869426
69,75,-3.499857855602074
75,75,5.551924296050184
76,75,-2.126198592498478
61,76,-2.493484287399104
62,76,3.665037174117704
63,76,-1.098773516604599
75,76,-2.341231167262652
76,76,4.475370896685543
77,76,-2.221959981833383
58,77,-1.295115992399634
62,77,-1.090030431820113
63,77,2.663098516160148
72,77,-3.100187985572213
76,77,-2.234574094804007
77,77,5.203838789763372
3,78,0.1351351351351351
78,78,-1
2,79,0.01579269871952799
79,79,-1
2,80,-0.01579269871952799
50,80,-1
80,80,-1
64,81,-1
81,81,-1
8,82,0.1639344262295082
82,82,-1
7,83,0.127420998980632
83,83,-1
7,84,-0.127420998980632
52,84,-1
84,84,-1
66,85,-1
85,85,-1
14,86,0.1639344262295082
86,86,-1
13,87,0.127420998980632
87,87,-1
13,88,-0.127420998980632
51,88,-1
88,88,-1
65,89,-1
89,89,-1
20,90,0.2105263157894737
90,90,-1
19,91,0.3952569169960475
91,91,-1
19,92,-0.3952569169960475
57,92,-1
92,92,-1
71,93,-1
93,93,-1
26,94,0.2105263157894737
94,94,-1
25,95,0.3952569169960475
95,95,-1
25,96,-0.3952569169960475
55,96,-1
96,96,-1
69,97,-1
97,97,-1
31,98,10000
98,98,-1
35,99,1000
99,99,-1
39,100,1000
100,100,-1
43,101,1000
101,101,-1
47,102,1000
102,102,-1
